genes	enzymes	shortNames	MWs	actions	k_scores	OE	minUsage	maxUsage	pUsage	foldChange	unique	conectivity	groups	priority
YGR155W	P32582	CYS4	56.02121	OE	1000	2	3.0559063739706e-08	3.14470847770431e-08	3.07447160076225e-08	1.00000973792383	1	4	0	1
YNL241C	P11412	ZWF1	57.5209	OE	1000	2	1.76306142892345e-09	2.13383230246266e-09	1.9228680960926e-09	1.00000156981334	1	5	0	1
crtE	Q1L6K3	crtE	42.153	OE	1000	2	5.20572260941851e-08	5.38123860556409e-08	5.38123860556408e-08	1.00001250510141	1	4	0	1
crtYB	Q7Z859	crtYB	74.736	OE	1000	2	3.21775295630627e-06	3.21775295630628e-06	3.21775295630627e-06	1.00122122414371	1	5	0	1
crtI	Q7Z858	crtI	65.066	OE	1000	2	0.00150674680955794	0.00150674680955795	0.00150674680955794	1.98744839750455	1	5	0	1
YDR380W	Q06408	ARO10	71.38357	OE	92.4717113348451	2	7.26378569153896e-09	7.95799738090962e-09	7.95594994490425e-09	1.00000388743848	1	4	0	1
YOR283W	Q12040	YOR283W	26.17622	OE	3.5084402885908	2	6.24270129510186e-07	6.35320667670159e-07	6.31514960990506e-07	1.0000847841911	1	4	0	1
YCR012W	P00560	PGK1	44.73787	OE	1.25700337028606	2	9.80076060199947e-07	9.8238569678902e-07	9.80158973151802e-07	1.00022323577449	1	4	0	1
YDR050C	P00942	TPI1	26.79508	OE	1.25350846984632	2	3.03361850378856e-08	3.40587651952678e-08	3.03413211630748e-08	1.0000051294386	1	2	0	1
YMR205C	P16862	PFK2	104.61673	OE	1.24370342594557	2	7.34088124127043e-07	7.37400913183387e-07	7.37310454094032e-07	1.00039191891228	1	9	0	1
YDR516C	Q04409	EMI2	55.92028	OE	1.00082564533673	2	1.8575724840563e-07	1.86180657315249e-07	1.86178e-07	1.00005377132197	1	4	0	1
YDR226W	P07170	ADK1	24.2546	deletion	0.118007130100424	0	0	6.50381531484996e-08	0	1.0000169888427	1	4	0	1
YLR153C	P52910	ACS2	75.49079	deletion	0.0182546221134385	0	0	2.64650553303171e-10	0	1.00000121210762	1	13	0	1
YJR130C	P47164	STR2	72.34965	deletion	0.0131263247366666	0	0	2.25946793280795e-09	0	1.00000265715032	1	11	0	1
YPR035W	P32288	GLN1	41.7656	deletion	0.0109249013636943	0	0	6.58170044870107e-10	0	1.00000128811549	1	7	0	1
YKL085W	P17505	MDH1	35.64959	deletion	8.57037240774169e-07	0	0	2.79439150315342e-09	0	1.00000201918096	1	5	0	1
YBR263W	P37292	SHM1	53.68589	deletion	0	0	0	2.84136724315633e-09	0	1.00000255560963	1	5	0	1
YCL040W	P17709	GLK1	55.37689	deletion	0	0	0	2.20826989100504e-09	0	1.00000224882597	1	6	0	1
YDR234W	P49367	LYS4	75.14989	deletion	0	0	0	1.3256030845827e-09	0	1.00000201899078	1	6	0	1
YDR300C	P32264	PRO1	47.16164	deletion	0	0	0	5.57845795841158e-10	0	1.00000127613297	1	4	0	1
YDR353W	P29509	TRR1	34.23767	deletion	0	0	0	1.10683936249364e-09	0	1.00000139351781	1	6	0	1
YER023W	P32263	PRO3	30.13145	deletion	0	0	0	8.4720070549172e-12	0	1.00000101208399	1	6	0	1
YER091C	P05694	MET6	85.85892	deletion	0	0	0	1.12977845677166e-09	0	1.00000198342882	1	7	0	1
YER152C	P10356	YER152C	49.48976	deletion	0	0	0	2.01272352219668e-09	0	1.00000200960992	1	6	0	1
YGL009C	P07264	LEU1	85.79356	deletion	0	0	0	1.16101641868295e-09	0	1.00000201899044	1	4	0	1
YJL088W	P05150	ARG3	37.84479	deletion	0	0	0	1.70062479968507e-11	0	1.00000101613305	1	5	0	1
YJR139C	P31116	HOM6	38.50163	deletion	0	0	0	4.38667159994058e-10	0	1.00000118065953	1	7	0	1
YLR043C	P22217	TRX1	11.23485	deletion	0	0	0	1.07885656197667e-09	0	1.0000011228537	1	23	0	1
YLR174W	P41939	IDP2	46.56172	deletion	0	0	0	2.13929655875442e-09	0	1.00000201912743	1	5	0	1
YLR304C	P19414	ACO1	85.36736	deletion	0	0	0	1.16667320519874e-09	0	1.00000200961026	1	8	0	1
YLR355C	P06168	ILV5	44.36792	deletion	0	0	0	1.96255122007794e-09	0	1.00000188256006	1	7	0	1
YMR062C	Q04728	ARG7	47.84821	deletion	0	0	0	2.08197882350007e-09	0	1.00000201927931	1	9	0	1
YMR246W	P47912	FAA4	77.26612	deletion	0	0	0	1.3707057694837e-09	0	1.00000208293659	1	48	0	1
YNL104C	P06208	LEU4	68.40819	deletion	0	0	0	7.3708490409601e-10	0	1.00000152060128	1	13	0	1
YNR001C	P00890	CIT1	53.35945	deletion	0	0	0	1.46033171606092e-10	0	1.00000107909402	1	7	0	1
YOL064C	P32179	MET22	39.14886	deletion	0	0	0	3.43388501096493e-10	0	1.00000113649186	1	4	0	1
YOR184W	P33330	SER1	43.41501	deletion	0	0	0	2.14491634481327e-09	0	1.00000195321269	1	4	0	1
YOR317W	P30624	FAA1	77.86529	deletion	0	0	0	1.35949332232024e-09	0	1.00000208235757	1	52	0	1
YOR388C	Q08911	FDH1	41.7138	deletion	0	0	0	1.75833215478292e-09	0	1.00000175270356	1	4	0	1
YPR001W	P43635	CIT3	53.81073	deletion	0	0	0	1.4113959106827e-10	0	1.00000108639825	1	9	0	1
YPR167C	P18408	MET16	30.3799	deletion	0	0	0	1.07913904569183e-09	0	1.00000134189988	1	7	0	1
YLR446W	Q06204	YLR446W	48.96875	deletion	0	0	0	2.01806115488998e-09	0	1.00000200176646	1	20	0	1
YJL200C	P39533	ACO2	86.58224	deletion	0	0	0	1.15028668570666e-09	0	1.00000201881938	1	7	0	1
YHR163W	P38858	SOL3	27.78417	OE	1000	2	0	1.350290613373e-07	1.21679231192487e-07	1.00007221094244	0	5	2	2
YHR183W	P38720	GND1	53.54274	OE	1000	2	0	3.70958778054388e-08	3.34283438512041e-08	1.00001007994236	0	6	3	2
YOL086C	P00330	ADH1	36.84874	OE	1000	2	4.96181307633167e-07	5.05195838951975e-07	5.02913650331919e-07	1.00009518915749	0	21	1	2
YGR254W	P00924	ENO1	46.81564	OE	3.5084402885908	2	2.08659900099971e-06	2.28928970757037e-06	2.28718153171697e-06	1.00054365320641	0	5	4	2
YAL038W	P00549	CDC19	54.54404	OE	3.5084402885908	2	2.11441054893267e-06	2.26768725961643e-06	2.26746722492226e-06	1.00062778435705	0	6	5	2
YJL052W	P00360	TDH1	35.74956	OE	1.25700337028606	2	1.81359405292261e-05	1.81424603982652e-05	1.81396999236686e-05	1.00328744392551	0	8	6	2
YLR354C	P15019	TAL1	37.0359	OE	1.22726777113218	2	3.50777990425887e-06	3.5122838455079e-06	3.50959431225485e-06	1.00065973335613	0	6	7	2
YLL052C		AQY2	NaN	deletion	0.0991417338166511	0	NaN	NaN	NaN	1.00000100928332	0	2	9	2
YOR222W		ODC2	NaN	deletion	0.0728079622538709	0	NaN	NaN	NaN	1.00000100928332	0	6	10	2
YPL134C		ODC1	NaN	deletion	0.0728079622538709	0	NaN	NaN	NaN	1.00000100928332	0	6	10	2
YMR189W	P49095	GCV2	114.45033	deletion	0.0548999999999009	0	0	1.15535882257657e-10	0	1.00000114204933	0	18	11	2
YGL080W		MPC1	NaN	deletion	0.0306281002706127	0	NaN	NaN	NaN	1.00000100960973	0	4	13	2
YGR243W		MPC3	NaN	deletion	0.0306281002706127	0	NaN	NaN	NaN	1.00000100928332	0	4	13	2
YHR162W		MPC2	NaN	deletion	0.0306281002706127	0	NaN	NaN	NaN	1.00000100928332	0	4	13	2
YER053C		PIC2	NaN	deletion	0.0214202672802035	0	NaN	NaN	NaN	1.00000100928332	0	4	14	2
YAL062W	P39708	GDH3	49.62653	deletion	0	0	0	1.66694097252776e-09	0	1.00000184783113	0	8	15	2
YBR218C	P32327	PYC2	130.16549	deletion	0	0	0	2.60942181198423e-10	0	1.00000135387551	0	8	17	2
YDR384C		ATO3	NaN	deletion	0	0	NaN	NaN	NaN	1.00000100928332	0	2	18	2
YER070W	P21524	RNR1	99.56021	deletion	0	0	0	1.0055090820032e-09	0	1.00000202403214	0	24	19	2
YFR053C	P04806	HXK1	53.73784	deletion	0	0	0	2.29153922355417e-09	0	1.00000225749452	0	12	21	2
YGL062W	P11154	PYC1	130.09827	deletion	0	0	0	2.60988424132411e-10	0	1.00000135374344	0	8	17	2
YGL184C	P53101	STR3	51.82796	deletion	0	0	0	1.63581352844226e-09	0	1.00000185923726	0	6	23	2
YGL253W	P04807	HXK2	53.9419	deletion	0	0	0	2.00628434121304e-09	0	1.00000210627416	0	12	21	2
YGR121C		MEP1	NaN	deletion	0	0	NaN	NaN	NaN	1.00000100928332	0	2	18	2
YGR180C	P49723	RNR4	40.05407	deletion	0	0	0	2.57918307665548e-09	0	1.00000205658305	0	24	19	2
YIL066C	P21672	RNR3	97.51369	deletion	0	0	0	1.02692553529112e-09	0	1.00000202447841	0	24	19	2
YJL026W	P09938	RNR2	46.14681	deletion	0	0	0	2.22776826764041e-09	0	1.00000205149107	0	24	19	2
YLR155C	P0CZ17	ASP3-1	38.6862	deletion	0	0	0	2.14162098409493e-09	0	1.00000184928713	0	5	24	2
YLR157C	P0CX77	ASP3-2	38.6862	deletion	0	0	0	2.14162098409493e-09	0	1.00000184928713	0	5	24	2
YLR158C	P0CX78	ASP3-3	38.6862	deletion	0	0	0	2.14162098409493e-09	0	1.00000184928713	0	5	24	2
YLR160C	P0CX79	ASP3-4	38.6862	deletion	0	0	0	2.14162098409493e-09	0	1.00000184928713	0	5	24	2
YNL142W		MEP2	NaN	deletion	0	0	NaN	NaN	NaN	1.00000100928332	0	2	18	2
YOR375C	P07262	GDH1	49.56931	deletion	0	0	0	1.66855294904852e-09	0	1.00000184792346	0	8	15	2
YPR138C		MEP3	NaN	deletion	0	0	NaN	NaN	NaN	1.00000100928332	0	2	18	2
YFR055W	P43623	IRC7	36.97108	deletion	0	0	0	2.19051959332715e-09	0	1.00000182077225	0	6	23	2
YMR145C	P40215	NDE1	62.77345	deletion	0.044465818695486	0	0	8.93492711865521e-08	0	1.00005785835455	0	6	12	3
