genes	enzymes	shortNames	MWs	actions	k_scores	OE	minUsage	maxUsage	pUsage	foldChange	unique	conectivity	groups	priority
YPR074C	P23254	TKL1	73.80488	OE	39.2683922317422	2	0	0.000794137164773831	1.21248082632409e-06	1.00000100000001	0	10	1	1
YDL141W	P48445	BPL1	76.36203	OE	13.5294381608637	2	7.02176974331209e-10	7.02179357566919e-10	7.02176974331209e-10	1.00000100000001	1	10	0	1
YNR016C	Q00955	ACC1	250.35091	OE	13.5294381608637	2	9.67147872155897e-06	9.67154153510472e-06	9.67147872155897e-06	1.00000100000001	1	7	0	1
YLR044C	P06169	PDC1	61.49468	OE	13.3745748266252	2	0	2.45222274309314e-06	2.45216879449205e-06	1.00000100000001	0	17	2	1
YPL061W	P54115	ALD6	54.41344	OE	13.3745748266252	2	1.61612466003037e-05	1.61624150274224e-05	1.61620594191683e-05	1.000001	1	8	0	1
YJL121C	P46969	RPE1	25.96689	OE	10.3572461517002	2	7.36745506059814e-07	0.00225444193316067	7.37103385380415e-07	1.00000100000001	1	2	0	1
YNL241C	P11412	ZWF1	57.5209	OE	5.60502868850629	2	2.02929122614198e-07	2.03028015946661e-07	2.03025402678487e-07	1.00000100000001	1	5	0	1
YHR163W	P38858	SOL3	27.78417	OE	5.60502868850629	2	0	1.28476278479439e-05	1.28474620597552e-05	1.00000100000001	0	5	3	1
YHR183W	P38720	GND1	53.54274	OE	5.60502868850629	2	0	3.52956636202043e-06	3.52952081583593e-06	1.00000100000002	0	6	4	1
YOR095C	Q12189	RKI1	28.25777	OE	2.98393535788258	2	4.66467336145962e-06	0.00207566056556857	4.6667889523593e-06	1.00000100000001	1	2	0	1
YAL038W	P00549	CDC19	54.54404	OE	2.0850412175781	2	0	1.72230301232677e-06	1.72224905804089e-06	1.00000100000001	0	6	5	1
YGR254W	P00924	ENO1	46.81564	OE	1.94488458430865	2	0	0.00125180233730769	1.75474163971992e-06	1.00000100000001	0	5	6	1
YMR267W	P28239	PPA2	35.57213	OE	1.69425410172263	2	1.41058208561129e-06	1.41072661129979e-06	1.41067731833133e-06	1.00000100000001	1	4	0	1
YFR053C	P04806	HXK1	53.73784	OE	1.26172511253407	2	0	8.10003008342842e-07	8.33568021562287e-10	1.00000100000001	0	12	7	1
YCR012W	P00560	PGK1	44.73787	OE	1.17093031628337	2	8.94170009286837e-07	0.00130899595903158	8.94170009286849e-07	1.00000100000001	1	4	0	1
YJL052W	P00360	TDH1	35.74956	OE	1.17093031628337	2	0	0.00165353801247687	1.65483111347238e-05	1.00000100000001	0	8	8	1
YDR050C	P00942	TPI1	26.79508	OE	1.0667483652899	2	2.53086702682087e-08	0.00218407119548341	2.53087037151214e-08	1.00000100000001	1	2	0	1
YMR205C	P16862	PFK2	104.61673	OE	1.06000605506962	2	3.42094645177626e-07	6.15253361173844e-07	6.15195478824964e-07	1.00000100000001	1	9	0	1
YNR019W	P53629	ARE2	74.022	deletion	0.107676212355105	0	0	0.000790599132020667	0	1.00000100000001	1	84	0	1
YOR245C	Q08650	DGA1	47.71075	deletion	0.085264318532657	0	0	5.72431859403483e-08	0	1.00000100000001	1	122	0	1
YOR222W		ODC2	NaN	deletion	0.152078618439096	0	0	0	0	1.00000100000001	0	6	9	2
YBR218C	P32327	PYC2	130.16549	deletion	0.152000017489484	0	0	2.88372983058502e-07	0	1.00000100000001	0	8	10	3
