genes	enzymes	shortNames	MWs	actions	k_scores	OE	minUsage	maxUsage	pUsage
YBR006W	P38067	UGA2	54.18854	1	1000	2	0	5.07630745250024e-06	1.78601862439451e-06
YBR084W	P09440	MIS1	106.21642	1	1000	2	0	0.000864890207691808	1.9856723247998e-08
YDL174C	P32891	DLD1	65.29187	1	1000	2	0	8.99850216179583e-08	0
YDR272W	Q05584	GLO2	31.32613	1	1000	2	0	4.66213613787702e-06	2.29286138742008e-08
YDR300C	P32264	PRO1	47.16164	1	1000	2	0	1.12014231539868e-05	1.0902612724658e-07
YEL071W	P39976	DLD3	55.22438	1	1000	2	0	8.99850216179583e-08	1.49647396181446e-08
YER065C	P28240	ICL1	62.40816	1	1000	2	0	8.50535911151449e-06	1.16356117285328e-06
YER073W	P40047	ALD5	56.69214	1	1000	2	0	3.72895196213382e-06	2.09784355389639e-07
YFL030W	P43567	AGX1	41.90679	1	1000	2	0	8.57026944869213e-07	1.17244112440007e-07
YFL055W		AGP3	NaN	1	1000	2	0	0	0
YGR019W	P17649	UGA1	52.94565	1	1000	2	0	7.44960954101957e-06	2.62102748635322e-06
YKL188C		PXA2	NaN	1	1000	2	0	0	0
YKR039W		GAP1	NaN	1	1000	2	0	0	0
YML004C	P50107	GLO1	37.20837	1	1000	2	0	2.50780042450773e-06	1.23335766083609e-08
YMR170C	P47771	ALD2	55.18718	1	1000	2	0	4.22301204880499e-06	0
YMR250W	Q04792	GAD1	65.98926	1	1000	2	0	1.93594443175534e-06	6.81131480561692e-07
YOR323C	P54885	PRO2	49.73991	1	1000	2	0	1.45203702269348e-06	1.41330231905917e-08
YOR374W	P46367	ALD4	56.72295	1	1000	2	0	4.87251021845164e-06	0
YPL147W		PXA1	NaN	1	1000	2	0	0	0
YPL265W		DIP5	NaN	1	1000	2	0	0	0
YMR110C	Q04458	HFD1	59.97826	1	1000	2	0	0.00153180338974226	0
YBR117C	P33315	TKL2	75.02862	1	47.5298903467343	2	0	0.00122599119489901	0
YPR074C	P23254	TKL1	73.80488	1	40.1410163541425	2	0	0.00124631837405922	1.63581353068424e-06
YJR095W		SFC1	NaN	1	29.0183059862334	2	0	0	0
YJR051W	P21375	OSM1	55.06455	1	29.0183054175659	2	0	0.00166836385079135	8.56805090950053e-08
YBR296C		PHO89	NaN	1	11.2700810838343	2	0	0	0
YCR037C		PHO87	NaN	1	11.2700810838343	2	0	0	0
YJL198W		PHO90	NaN	1	11.2700810838343	2	0	0	0
YML123C		PHO84	NaN	1	11.2700810838343	2	0	0	0
YNR013C		PHO91	NaN	1	11.2700810838343	2	0	0	0
YJL121C	P46969	RPE1	25.96689	1	10.5855203837754	2	0	0.0035386932278742	9.94460007234906e-07
YLR027C	P23542	AAT2	46.05711	1	10.0883132635855	2	0	0.00199518091760365	6.33514230386706e-07
YLR174W	P41939	IDP2	46.56172	1	8.77182676570769	2	0	0.0019737575823224	8.25554241321761e-07
YGR248W	P53315	SOL4	28.44737	1	5.72702155473762	2	0	3.60544039062738e-05	0
YGR256W	P53319	GND2	53.92235	1	5.72702155473762	2	0	9.90505116869544e-06	0
YHR163W	P38858	SOL3	27.78417	1	5.72702155473762	2	0	3.60544039062738e-05	1.72289643829843e-05
YHR183W	P38720	GND1	53.54274	1	5.72702155473762	2	0	9.90505116869544e-06	4.7332296559588e-06
YNL241C	P11412	ZWF1	57.5209	1	5.72702155473762	2	0	5.69759212936996e-07	2.72265247044081e-07
YBR218C	P32327	PYC2	130.16549	1	5.68061945035986	2	0	1.32969877208299e-05	0
YGL062W	P11154	PYC1	130.09827	1	5.68061945035986	2	0	1.32969877208299e-05	6.16699956138551e-06
YOR095C	Q12189	RKI1	28.25777	1	3.04729142829676	2	2.05865910800593e-07	0.00325712813711395	6.18814348755282e-06
YKL085W	P17505	MDH1	35.64959	1	2.58668525117337	2	0	0.00257716657408674	3.33450143465572e-07
YNR001C	P00890	CIT1	53.35945	1	2.58668525117337	2	0	9.11228835603701e-07	4.49318422898215e-07
YPR001W	P43635	CIT3	53.81073	1	2.58668525117337	2	0	9.11228835603652e-07	0
YDR384C		ATO3	NaN	1	2.45276242120409	2	0	0	0
YGR121C		MEP1	NaN	1	2.45276242120409	2	0	0	0
YNL142W		MEP2	NaN	1	2.45276242120409	2	0	0	0
YPR138C		MEP3	NaN	1	2.45276242120409	2	0	0	0
YAL038W	P00549	CDC19	54.54404	2	2.09566257854181	2	0	3.00692695567635e-06	1.89146249654892e-06
YOR347C	P52489	PYK2	55.19478	1	2.09566257854181	2	0	3.00692695567636e-06	0
YGR254W	P00924	ENO1	46.81564	1	1.95473566701172	2	0	0.00196415744764995	1.92542629051445e-06
YHR174W	P00925	ENO2	46.91368	1	1.95473566701172	2	0	0.00196005024984602	0
YKL152C	P00950	GPM1	27.60828	1	1.95473566701172	2	0	0.00332787553938003	0
YMR323W	P42222	ERR3	47.31216	1	1.95473566701172	2	0	0.001943541188239	0
YOR393W	P0CX10	ERR1	47.32712	1	1.95473566701172	2	0	0.00194292930279269	0
YPL281C	P0CX11	ERR2	47.32712	1	1.95473566701172	2	0	0.00194292930279269	0
YOR283W	Q12040	YOR283W	26.17622	1	1.95473566701172	2	0	0.00350994362184572	5.31630520744687e-07
YBR221C	P32473	PDB1	40.0532	2	1.34016453676452	2	0	1.9544521255092e-06	1.02488592870518e-06
YER178W	P16387	PDA1	46.34261	2	1.34016453676452	2	0	1.9544521255092e-06	1.02488592870518e-06
YGR193C	P16451	PDX1	45.36125	2	1.34016453676452	2	0	1.9544521255092e-06	1.02488592870518e-06
YNL071W	P12695	LAT1	51.81762	2	1.34016453676452	2	0	1.9544521255092e-06	1.02488592870518e-06
YAL062W	P39708	GDH3	49.62653	1	1.25408697812768	2	0	1.48732250411111e-05	0
YOR375C	P07262	GDH1	49.56931	2	1.25408697812768	2	0	1.4873225041111e-05	7.53262424266956e-06
YJL052W	P00360	TDH1	35.74956	1	1.03176835894034	2	0	0.00258489573686245	1.52706091102682e-05
YCR012W	P00560	PGK1	44.73787	1	1.03176835894034	2	5.4499649882102e-07	0.00205418637973674	8.25130768860921e-07
YGR192C	P00359	TDH3	35.74626	1	1.03176835894034	2	0	0.00258513439315283	0
YJR009C	P00358	TDH2	35.84645	1	1.03176835894034	2	0	0.00257791548266937	0
YDR516C	Q04409	EMI2	55.92028	2	1.00066861533429	2	8.62094326996978e-10	3.50512471715602e-07	1.86178186178e-07
YGR060W	P53045	ERG25	36.47869	0	0.150975	0	8.92373146903401e-10	8.93039550252395e-10	8.92373146903401e-10
YGL001C	P53199	ERG26	38.70597	0	0.149958333333333	0	3.45806465825186e-11	3.45967116715868e-11	3.45806465825186e-11
YDR454C	P15454	GUK1	20.63708	0	0.149958333333333	0	5.25285282137398e-11	0.00445135566464382	8.97168667721398e-11
YCR053W	P16120	THR4	57.47349	0	0.1486875	0	3.57587359625076e-10	2.10513727972996e-08	8.12326362989712e-10
YDL141W	P48445	BPL1	76.36203	0	0.1486875	0	1.62543823279722e-11	2.73901465988227e-11	1.47043387809236e-11
YBL033C	P38066	RIB1	38.33162	0	0.1486875	0	1.3990813465068e-11	1.3990813465068e-11	1.3990813465068e-11
YDR487C	Q99258	RIB3	22.5675	0	0.1486875	0	1.726864701705e-09	1.72688258298691e-09	1.726864701705e-09
YEL021W	P03962	URA3	29.23918	0	0.1486875	0	1.14891460766726e-09	1.1493297793791e-09	1.14891460766726e-09
YER014W	P40012	HEM14	59.70226	0	0.1486875	0	1.39385279685e-12	1.39385279685e-12	1.39385279685e-12
YER152C	P10356	YER152C	49.48976	0	0.1486875	0	0	0.00185620350542867	1.41660784843402e-09
YFL022C	P15625	FRS2	57.51077	0	0.1486875	0	1.6926381175354e-09	1.69264496475597e-09	1.6926381175354e-09
YGL026C	P00931	TRP5	76.62516	0	0.1486875	0	2.79059633171792e-10	5.4242965697986e-08	2.79059633171792e-10
YKL024C	P15700	URA6	22.93296	0	0.1486875	0	1.38633573683732e-09	3.05985657861313e-05	1.38633573683732e-09
YLR060W	P15624	FRS1	67.36425	0	0.1486875	0	1.6926381175354e-09	1.69264496475597e-09	1.6926381175354e-09
YNL316C	P32452	PHA2	38.22484	0	0.1486875	0	5.28290779804816e-10	5.2846592178393e-10	5.28290779804816e-10
YOL143C	P50861	RIB4	18.55535	0	0.1486875	0	5.2329233385e-10	5.23296813526129e-10	5.2329233385e-10
YOR074C	P06785	CDC21	35.04694	0	0.1486875	0	4.578814844352e-10	4.63781741763986e-10	4.578814844352e-10
YOR176W	P16622	HEM15	44.5956	0	0.1486875	0	2.03502794058e-11	2.03502794058e-11	2.03502794058e-11
YOR202W	P06633	HIS3	23.83295	0	0.1486875	0	5.05376760601085e-10	5.05848754664531e-10	5.05376760601085e-10
YOR303W	P07258	CPA1	45.36103	0	0.1486875	0	7.06704888371882e-10	1.8836440446157e-08	7.06704888371882e-10
YPL028W	P41338	ERG10	41.72825	0	0.1486875	0	8.76789035537782e-13	0.00220146393735936	1.37402510353815e-09
YPL172C	P21592	COX10	52.14718	0	0.1486875	0	1.85002560033e-12	1.85002560033e-12	1.85002560033e-12
YDL205C	P28789	HEM3	36.67427	0	0.1486875	0	9.7681235652e-11	9.76821784367208e-11	9.7681235652e-11
YDR044W	P11353	HEM13	37.71116	0	0.1486875	0	3.5912322417e-10	3.59126690300283e-10	3.5912322417e-10
YDR047W	P32347	HEM12	41.34866	0	0.1486875	0	2.7459248454e-10	2.74595134809496e-10	2.7459248454e-10
YDR232W	P09950	HEM1	59.36171	0	0.1486875	0	7.4225993892e-11	7.4226710295028e-11	7.4225993892e-11
YER023W	P32263	PRO3	30.13145	0	0.1486875	0	1.80898647301578e-09	2.02081653354567e-07	1.80898647301578e-09
YFR025C	P38635	HIS2	38.58138	0	0.1486875	0	2.36157721836512e-10	2.36373091238221e-10	2.36157721836512e-10
YGL040C	P05373	HEM2	37.73995	0	0.1486875	0	1.97336122644e-11	1.97336122644e-11	1.97336122644e-11
YHR018C	P04076	ARG4	51.9886	0	0.1486875	0	4.18071095714878e-10	0.00176698529812797	4.18071095714878e-10
YHR208W	P38891	BAT1	43.59553	0	0.1486875	0	1.87621469781569e-09	0.00210717050910856	1.87621469781569e-09
YIL116W	P07172	HIS5	42.64564	0	0.1486875	0	1.63024567810959e-10	1.63168910158245e-10	1.63024567810959e-10
YOR236W	P07807	DFR1	24.26075	0	0.1486875	0	3.608915102748e-10	3.65541955540891e-10	3.608915102748e-10
YPL117C	P15496	IDI1	33.35113	0	0.1486875	0	1.3786208873758e-11	0.00275442401044697	1.3786208873758e-11
YJR109C	P03965	CPA2	123.91392	0	0.148687175159049	0	7.06704888371882e-10	1.8836440446157e-08	7.06704888371882e-10
YDR148C	P19262	KGD2	50.43011	0	0.144875	0	0	1.26029582692112e-05	3.513718294128e-12
YIL125W	P20967	KGD1	114.41496	0	0.144875	0	0	1.26029582692112e-05	3.513718294128e-12
YER141W	P40086	COX15	54.65792	0	0.1349625	0	0	2.3847993981e-13	2.3847993981e-13
YBL039C	P28274	URA7	64.70953	0	0.133931198022575	0	0	5.80168007087983e-06	0
YJR103W	P38627	URA8	64.50989	0	0.133931198022575	0	0	5.80168007088024e-06	1.88718006386648e-08
YOL126C	P22133	MDH2	40.7305	0	0.127433678924704	0	0	0.00225538845694853	7.44745076438365e-10
YCR048W	P25628	ARE1	71.61215	0	0.113026340899965	0	0	0.00128278520818656	1.02030632497861e-11
YNR019W	P53629	ARE2	74.022	0	0.10767624532846	0	0	0.00124102388428136	0
YOR222W		ODC2	NaN	0	0.100389255415243	0	0	0	0
YPL134C		ODC1	NaN	0	0.100389255415243	0	0	0	0
YPR021C		AGC1	NaN	0	0.097624001144424	0	0	0	0
YMR189W	P49095	GCV2	114.45033	0	0.0904051611619678	0	0	4.71148828964402e-07	6.43975975332002e-09
YAL044C	P39726	GCV3	18.79276	0	0.0904051611619374	0	0	4.71148828964402e-07	6.43975975332002e-09
YDR019C	P48015	GCV1	44.46849	0	0.0904051611619374	0	0	4.71148828964402e-07	6.43975975332002e-09
YOR245C	Q08650	DGA1	47.71075	0	0.0852643679926901	0	0	3.67318724763346e-05	0
YDR503C	Q04396	LPP1	31.58604	0	0.0789899644303259	0	0	2.86065021092061e-06	4.9474106999704e-10
YKL029C	P36013	MAE1	74.37529	0	0.0753823808449991	0	0	3.20169220872665e-06	9.1581282746374e-09
YER069W	Q01217	ARG5,6	94.86823	0	0.0753127384427565	0	3.1816808191818e-07	2.5340331465257e-05	3.1816808191818e-07
YOR130C		ORT1	NaN	0	0.0753127384427565	0	0	0	0
YMR062C	Q04728	ARG7	47.84821	0	0.0753127384427565	0	6.98201444795891e-08	0.00191995540020607	6.98201444795891e-08
YOL140W	P18544	ARG8	46.68082	0	0.0753127384427565	0	7.90287181270117e-07	6.29420116731853e-05	7.90287181270117e-07
YBR263W	P37292	SHM1	53.68589	0	0.0164405444331248	0	0	0.00171142748955518	3.06520885513695e-07
YOR388C	Q08911	FDH1	41.7138	0	0.0101105886016804	0	0	7.75362603734967e-06	1.92487682054291e-07
YLR058C	P37291	SHM2	52.21793	0	0.00472413768759137	0	0	0.00175941700622063	1.91335802535783e-07
YGR204W	P07245	ADE3	102.20412	0	0.00186849689709999	0	1.93428492597708e-09	0.000899003618604032	3.86856985195406e-09
YMR267W	P28239	PPA2	35.57213	0	0.000101270848077765	0	0	1.59515092716446e-06	4.95789286461184e-12
YCL040W	P17709	GLK1	55.37689	0	0	0	0	1.00909667185662e-06	0
YDL066W	P21954	IDP1	48.18986	0	0	0	0	3.30560278486533e-06	0
YER070W	P21524	RNR1	99.56021	0	0	0	0	2.53600624222038e-07	0
YER081W	P40054	SER3	51.1927	0	0	0	0	6.51308299410138e-07	0
YFR053C	P04806	HXK1	53.73784	0	0	0	0	1.00909667499719e-06	0
YGL253W	P04807	HXK2	53.9419	0	0	0	0	2.18226027207876e-06	0
YGR180C	P49723	RNR4	40.05407	0	0	0	0	2.53600624222531e-07	0
YGR202C	P13259	PCT1	49.40551	0	0	0	0	2.75682232373628e-06	0
YGR208W	P42941	SER2	34.20684	0	0	0	0	2.51936639864333e-07	0
YHR123W	P22140	EPT1	44.55926	0	0	0	0	0.00155263315621423	0
YIL066C	P21672	RNR3	97.51369	0	0	0	0	2.53600624221159e-07	0
YIL074C	P40510	SER33	51.18777	0	0	0	0	6.51308299410093e-07	0
YJL026W	P09938	RNR2	46.14681	0	0	0	0	2.53600624223012e-07	0
YLR133W	P20485	CKI1	66.31602	0	0	0	0	3.60030317243424e-05	0
YLR438W	P07991	CAR2	46.08557	0	0	0	0	9.89577141737848e-07	0
YML059C	Q04958	NTE1	187.13107	0	0	0	0	2.35150904838744e-08	0
YMR246W	P47912	FAA4	77.26612	0	0	0	0	0.00118892159863081	0
YNL130C	P17898	CPT1	44.82898	0	0	0	0	0.00204606843093173	0
YNR008W	P40345	LRO1	75.39242	0	-0	0	0	0.00121846725943401	0
YOR184W	P33330	SER1	43.41501	0	0	0	0	8.13479089869132e-05	0
YOR317W	P30624	FAA1	77.86529	0	0	0	0	0.00117977244211365	0
YPL061W	P54115	ALD6	54.41344	0	0	0	0	7.73301313104095e-06	0
YPL110C	Q02979	GDE1	138.01285	0	0	0	0	5.89250846134123e-08	0
YLR446W	Q06204	YLR446W	48.96875	0	0	0	0	0.000165563959339682	0
