Row	s_4207	Growth	mutant yield(u=0.05)	FC(0.05/0.1)
YDR050C	1.280206381	1	1.62862609	1.593726233
YJL052W	1.470648835	1	1.590232321	1.556155205
YBR196C	1.458614073	1	1.579745386	1.545892995
YCR012W	1.171258802	1	1.366617188	1.337331924
YDL171C	1.018544872	1	1.174004169	1.148846414
YLR174W	1.004689208	1	1.169447621	1.144387508
YML042W	1.012407782	1	1.169145779	1.144092134
YKL029C	1.003041868	1	1.168800418	1.143754173
YPL087W	1.004223446	1	1.168695796	1.143651793
YAL062W	0.999999821	1	1.168695774	1.143651772
YBL013W	0.999998488	1	1.168695773	1.143651771
YNR057C	0.999998347	1	1.168695748	1.143651747
YGR260W	0.999999963	1	1.168695746	1.143651745
YEL046C	0.999999963	1	1.168695703	1.143651702
YPL244C	1	1	1.168693557	1.143649602
YDL174C	0.999999963	1	1.168693557	1.143649602
YOR108W	1.000176923	1	1.168693252	1.143649304
YPR002W	0.999998922	1	1.168692386	1.143648457
YJL101C	0.999998451	1	1.168692386	1.143648457
YOL049W	0.999998451	1	1.168692386	1.143648457
YHR128W	0.999998347	1	1.168692386	1.143648457
YDR001C	0.999999963	1	1.168692386	1.143648457
YPL111W	0.999998775	1	1.168692386	1.143648457
YML022W	0.999998451	1	1.168692386	1.143648457
YLR109W	0.999998451	1	1.168692386	1.143648457
YDR178W	0.999999963	1	1.168692386	1.143648457
YBR003W	1.000000433	1	1.168692386	1.143648457
YNR041C	1.000000433	1	1.168692386	1.143648457
YDR538W	1.000000433	1	1.168692385	1.143648455
YDR539W	1.000000433	1	1.168692385	1.143648455
YCR005C	0.999999963	1	1.168692385	1.143648455
YER152C	1.004293812	1	1.168692382	1.143648453
YNL117W	0.999998347	1	1.168692373	1.143648444
YKL220C	0.999999773	1	1.168692373	1.143648444
YJR149W	0.99999831	1	1.16869237	1.143648441
YMR165C	0.999998451	1	1.16869237	1.143648441
YOR251C	0.999999827	1	1.168692362	1.143648433
YOR286W	0.999999827	1	1.168692362	1.143648433
YLR342W	0.999999859	1	1.168692362	1.143648433
YJR131W	0.999999773	1	1.168692362	1.143648433
YMR246W	0.999998915	1	1.168692362	1.143648433
YOR347C	0.999998458	1	1.168692362	1.143648433
YOR285W	0.999998347	1	1.168692362	1.143648433
YPL188W	1.000000433	1	1.168692362	1.143648433
YGR036C	0.999999975	1	1.168692362	1.143648433
YLR239C	0.999999963	1	1.168692362	1.143648433
YDL120W	0.999998451	1	1.168692362	1.143648433
YDL236W	0.999998451	1	1.168692362	1.143648433
YPL057C	0.999998347	1	1.168692362	1.143648433
YGR012W	0.999998451	1	1.168692362	1.143648433
YPR140W	0.99999831	1	1.168692362	1.143648433
YGR010W	1.000000391	1	1.168692362	1.143648433
YLR328W	0.999999963	1	1.168692362	1.143648433
YLL060C	0.999999963	1	1.168692362	1.143648433
YBR243C	0.999999963	1	1.168692362	1.143648433
YML035C	0.999999963	1	1.168692362	1.143648433
YJR009C	0.999999963	1	1.168692362	1.143648433
YJL196C	0.999999859	1	1.168692362	1.143648433
YBR265W	0.999998922	1	1.168692362	1.143648433
YBL098W	0.999998922	1	1.168692362	1.143648433
YOR245C	0.999998451	1	1.168692362	1.143648433
YDR371W	1.004220166	1	1.168692362	1.143648433
YOL151W	1.004215908	1	1.168692362	1.143648433
YPR006C	1.004156657	1	1.168692362	1.143648433
YDL198C	1.000000849	1	1.168692362	1.143648433
YJR133W	1.00000047	1	1.168692362	1.143648433
YBL068W	1.000000433	1	1.168692362	1.143648433
YLR133W	1.000000433	1	1.168692362	1.143648433
YPR139C	1.000000433	1	1.168692362	1.143648433
YOL061W	1.000000433	1	1.168692362	1.143648433
YBR011C	1.000000433	1	1.168692362	1.143648433
YDR147W	1.000000433	1	1.168692362	1.143648433
YGL256W	1.000000433	1	1.168692362	1.143648433
YLL012W	1.000000433	1	1.168692362	1.143648433
YBR176W	1.000000244	1	1.168692362	1.143648433
YKR009C	1	1	1.168692362	1.143648433
YDR020C	0.999999963	1	1.168692362	1.143648433
YDR098C	0.999999963	1	1.168692362	1.143648433
YNL106C	0.999999963	1	1.168692362	1.143648433
YPL273W	0.999999963	1	1.168692362	1.143648433
YDR256C	0.999999963	1	1.168692362	1.143648433
YGL017W	0.999999963	1	1.168692362	1.143648433
YLL062C	0.999999963	1	1.168692362	1.143648433
YCR098C	0.999999963	1	1.168692362	1.143648433
YKL094W	0.999999963	1	1.168692362	1.143648433
YIR036C	0.999999963	1	1.168692362	1.143648433
YJR104C	0.999999963	1	1.168692362	1.143648433
YHR123W	0.999999963	1	1.168692362	1.143648433
YLR151C	0.999999963	1	1.168692362	1.143648433
YDL246C	0.999999963	1	1.168692362	1.143648433
YNL092W	0.999999963	1	1.168692362	1.143648433
YGR192C	0.999999963	1	1.168692362	1.143648433
YDR062W	0.999999963	1	1.168692362	1.143648433
YMR296C	0.999999963	1	1.168692362	1.143648433
YOR161C	0.999999963	1	1.168692362	1.143648433
YOL075C	0.999999963	1	1.168692362	1.143648433
YBR192W	0.999999859	1	1.168692362	1.143648433
YDR297W	0.999999859	1	1.168692362	1.143648433
YPR160W	0.999999859	1	1.168692362	1.143648433
YKL088W	0.999999859	1	1.168692362	1.143648433
YKL150W	0.999999859	1	1.168692362	1.143648433
YOR054C	0.999999859	1	1.168692362	1.143648433
YDR531W	0.999999859	1	1.168692362	1.143648433
YIL083C	0.999999859	1	1.168692362	1.143648433
YMR169C	0.999999827	1	1.168692362	1.143648433
YHR174W	0.999999821	1	1.168692362	1.143648433
YGR157W	0.999999821	1	1.168692362	1.143648433
YML054C	0.999999821	1	1.168692362	1.143648433
YPR001W	0.999999821	1	1.168692362	1.143648433
YBR018C	0.999999821	1	1.168692362	1.143648433
YGR110W	0.999999821	1	1.168692362	1.143648433
YKL165C	0.999999773	1	1.168692362	1.143648433
YFR044C	0.999999773	1	1.168692362	1.143648433
YJR010W	0.999999527	1	1.168692362	1.143648433
YGR087C	0.999999375	1	1.168692362	1.143648433
YKR066C	0.999998947	1	1.168692362	1.143648433
YDR284C	0.999998922	1	1.168692362	1.143648433
YPL059W	0.999998922	1	1.168692362	1.143648433
YHR037W	0.999998922	1	1.168692362	1.143648433
YKR080W	0.999998922	1	1.168692362	1.143648433
YKL055C	0.999998922	1	1.168692362	1.143648433
YLL001W	0.999998922	1	1.168692362	1.143648433
YER061C	0.999998922	1	1.168692362	1.143648433
YDL219W	0.999998488	1	1.168692362	1.143648433
YLR303W	0.999998488	1	1.168692362	1.143648433
YDR402C	0.999998451	1	1.168692362	1.143648433
YOR126C	0.999998451	1	1.168692362	1.143648433
YHR046C	0.999998451	1	1.168692362	1.143648433
YDL024C	0.999998451	1	1.168692362	1.143648433
YJR143C	0.999998451	1	1.168692362	1.143648433
YGR046W	0.999998451	1	1.168692362	1.143648433
YLR410W	0.999998451	1	1.168692362	1.143648433
YIL134W	0.999998451	1	1.168692362	1.143648433
YGR194C	0.999998451	1	1.168692362	1.143648433
YLR377C	0.999998451	1	1.168692362	1.143648433
YBR117C	0.999998451	1	1.168692362	1.143648433
YPL110C	0.999998451	1	1.168692362	1.143648433
YBR281C	0.999998451	1	1.168692362	1.143648433
YNL191W	0.999998451	1	1.168692362	1.143648433
YDR035W	0.999998451	1	1.168692362	1.143648433
YDR051C	0.999998451	1	1.168692362	1.143648433
YFL030W	0.999998451	1	1.168692362	1.143648433
YLR305C	0.999998347	1	1.168692362	1.143648433
YER183C	0.999998347	1	1.168692362	1.143648433
YDR072C	0.999998347	1	1.168692362	1.143648433
YPL227C	0.999998347	1	1.168692362	1.143648433
YDL100C	0.999998347	1	1.168692362	1.143648433
YLR260W	0.999998347	1	1.168692362	1.143648433
YER019W	0.999998347	1	1.168692362	1.143648433
YJL068C	0.999998347	1	1.168692362	1.143648433
YLR164W	0.99999831	1	1.168692362	1.143648433
YDR410C	0.99999831	1	1.168692362	1.143648433
YPL036W	1.004290932	1	1.168692362	1.143648433
YBR002C	1.004290932	1	1.168692362	1.143648433
YIR029W	1.000000886	1	1.168692362	1.143648433
YCL009C	1.000000844	1	1.168692362	1.143648433
YOR321W	1.000000433	1	1.168692362	1.143648433
YJR025C	0.999999968	1	1.168692362	1.143648433
YGR177C	0.999999963	1	1.168692362	1.143648433
YHR201C	0.999999963	1	1.168692362	1.143648433
YLL051C	0.999999963	1	1.168692362	1.143648433
YCL040W	0.999999963	1	1.168692362	1.143648433
YHR119W	0.999999963	1	1.168692362	1.143648433
YBL011W	0.999999963	1	1.168692362	1.143648433
YLR146C	0.999999859	1	1.168692362	1.143648433
YER010C	0.999999859	1	1.168692362	1.143648433
YKR058W	0.999999859	1	1.168692362	1.143648433
YBL091C	0.999999859	1	1.168692362	1.143648433
YOR317W	0.999999859	1	1.168692362	1.143648433
YIL124W	0.999999821	1	1.168692362	1.143648433
YER062C	0.999999821	1	1.168692362	1.143648433
YHL018W	0.999999821	1	1.168692362	1.143648433
YKL087C	0.999999338	1	1.168692362	1.143648433
YLR386W	0.999998922	1	1.168692362	1.143648433
YNL325C	0.999998922	1	1.168692362	1.143648433
YCL064C	0.999998495	1	1.168692362	1.143648433
YOR381W	0.999998463	1	1.168692362	1.143648433
YDR148C	0.999998451	1	1.168692362	1.143648433
YIL125W	0.999998451	1	1.168692362	1.143648433
YKL104C	0.999998451	1	1.168692362	1.143648433
YDL052C	0.999998451	1	1.168692362	1.143648433
YLR372W	0.999998451	1	1.168692362	1.143648433
YGR144W	0.999998451	1	1.168692362	1.143648433
YDR373W	0.999998451	1	1.168692362	1.143648433
YAL060W	0.999998451	1	1.168692362	1.143648433
YGR032W	0.999998451	1	1.168692362	1.143648433
YOR209C	0.999998451	1	1.168692362	1.143648433
YLR070C	0.999998353	1	1.168692362	1.143648433
YML008C	0.999998347	1	1.168692362	1.143648433
YOR171C	0.999998347	1	1.168692362	1.143648433
YGR248W	0.99999831	1	1.168692362	1.143648433
YHR002W	0.999709268	1	1.168692362	1.143648433
YEL047C	1.004291607	1	1.168692362	1.143648433
YGR202C	1.000000433	1	1.168692362	1.143648433
YCR034W	0.999999963	1	1.168692362	1.143648433
YGL196W	0.999999859	1	1.168692362	1.143648433
YGR277C	0.999999859	1	1.168692362	1.143648433
YMR020W	0.999999963	1	1.168692362	1.143648433
YLR450W	0.999998335	1	1.168692361	1.143648432
YML075C	1.000000042	1	1.168692361	1.143648432
YNL009W	0.999999821	1	1.16869236	1.143648431
YCR107W	1.000000886	1	1.16869236	1.143648431
YIL145C	1.000000317	1	1.16869236	1.143648431
YHL003C	0.999998922	1	1.16869236	1.143648431
YMR313C	0.999998451	1	1.16869236	1.143648431
YFR055W	0.999998451	1	1.16869236	1.143648431
YPL023C	1.004216226	1	1.16869236	1.143648431
YNL256W	1.00000047	1	1.16869236	1.143648431
YHL032C	1.000000433	1	1.16869236	1.143648431
YBR020W	1.000000421	1	1.16869236	1.143648431
YNL048W	1	1	1.16869236	1.143648431
YDR530C	0.999999963	1	1.16869236	1.143648431
YOR067C	0.999999963	1	1.16869236	1.143648431
YBR127C	0.999999963	1	1.16869236	1.143648431
YDL185W	0.999999963	1	1.16869236	1.143648431
YEL027W	0.999999963	1	1.16869236	1.143648431
YEL051W	0.999999963	1	1.16869236	1.143648431
YGR020C	0.999999963	1	1.16869236	1.143648431
YHR026W	0.999999963	1	1.16869236	1.143648431
YHR039C-A	0.999999963	1	1.16869236	1.143648431
YKL080W	0.999999963	1	1.16869236	1.143648431
YLR447C	0.999999963	1	1.16869236	1.143648431
YOR332W	0.999999963	1	1.16869236	1.143648431
YPL234C	0.999999963	1	1.16869236	1.143648431
YPR036W	0.999999963	1	1.16869236	1.143648431
YLR345W	0.999999963	1	1.16869236	1.143648431
YDR305C	0.999999963	1	1.16869236	1.143648431
YMR278W	0.999999963	1	1.16869236	1.143648431
YPL088W	0.999999963	1	1.16869236	1.143648431
YJL091C	0.999999963	1	1.16869236	1.143648431
YMR272C	0.999999859	1	1.16869236	1.143648431
YBR084W	0.999998953	1	1.16869236	1.143648431
YEL004W	0.999998916	1	1.16869236	1.143648431
YFL060C	0.999998488	1	1.16869236	1.143648431
YOR002W	0.999998451	1	1.16869236	1.143648431
YER174C	0.999998451	1	1.16869236	1.143648431
YBR019C	0.999998347	1	1.16869236	1.143648431
YNR056C	0.999998347	1	1.16869236	1.143648431
YNL331C	1.000000886	1	1.16869236	1.143648431
YHR104W	1.000000886	1	1.16869236	1.143648431
YJL045W	1	1	1.16869236	1.143648431
YBR222C	0.999999963	1	1.16869236	1.143648431
YDL015C	0.999999859	1	1.16869236	1.143648431
YNL334C	0.999998488	1	1.16869236	1.143648431
YEL042W	0.999998488	1	1.16869236	1.143648431
YAL061W	0.999998451	1	1.16869236	1.143648431
YFL053W	0.999998451	1	1.16869236	1.143648431
YPL252C	0.999998451	1	1.16869236	1.143648431
YPL281C	0.999998315	1	1.16869236	1.143648431
YMR101C	0.99999831	1	1.16869236	1.143648431
YBR149W	1.000000433	1	1.16869236	1.143648431
YDR452W	0.999999948	1	1.168692357	1.143648428
YMR105C	0.999999954	1	1.168692357	1.143648428
YML059C	0.999998959	1	1.168692346	1.143648418
YBR161W	1.000000433	1	1.168692322	1.143648394
YOL157C	0.999998922	1	1.16869232	1.143648392
YLR028C	0.999999785	1	1.16869232	1.143648392
YNR001C	0.999999291	1	1.168692309	1.143648381
YOL065C	0.999999859	1	1.168692309	1.143648381
YFR053C	0.999998922	1	1.168692309	1.143648381
YGR267C	0.999998463	1	1.168692309	1.143648381
YGR289C	0.999998451	1	1.168692309	1.143648381
YGL253W	0.999998451	1	1.168692309	1.143648381
YFR015C	1.000000433	1	1.168692307	1.143648379
YLR258W	1.000000388	1	1.168692301	1.143648373
YDL022W	0.999999448	1	1.168692291	1.143648364
YPR145W	0.999997638	1	1.168692192	1.143648266
YLL058W	0.999999382	1	1.16869216	1.143648236
YDR287W	0.999997292	1	1.168692139	1.143648215
YJL137C	0.999997827	1	1.168692016	1.143648095
YKL188C	1.004176526	1	1.168691989	1.143648068
YPL147W	1.004176526	1	1.168691989	1.143648068
YMR054W	0.999999859	1	1.168691862	1.143647944
YKL152C	0.999999773	1	1.16869186	1.143647942
YGR227W	0.999998451	1	1.168691847	1.143647929
YMR015C	0.999998922	1	1.168691847	1.143647929
YLR056W	0.999998922	1	1.168691847	1.143647929
YOR109W	0.999998347	1	1.168691847	1.143647929
YDR111C	1.004294912	1	1.168691847	1.143647929
YOR384W	1.000000244	1	1.168691847	1.143647929
YGL205W	0.999999963	1	1.168691847	1.143647929
YEL066W	0.999999963	1	1.168691847	1.143647929
YER005W	0.999999859	1	1.168691847	1.143647929
YOR241W	0.999999669	1	1.168691847	1.143647929
YJR159W	0.999998959	1	1.168691847	1.143647929
YOR196C	0.999998451	1	1.168691847	1.143647929
YOR149C	0.999998451	1	1.168691847	1.143647929
YIL009W	0.999998451	1	1.168691847	1.143647929
YIL160C	1	1	1.168691847	1.143647929
YNR058W	0.999998451	1	1.168691847	1.143647929
YBR121C	1.000000433	1	1.168691847	1.143647929
YDR040C	0.999999963	1	1.168691847	1.143647929
YKL184W	0.999999963	1	1.168691847	1.143647929
YGR180C	0.999998451	1	1.168691847	1.143647929
YHR063C	0.999998805	1	1.168691845	1.143647927
YIL107C	0.999998922	1	1.168691845	1.143647927
YLR017W	0.999999963	1	1.168691845	1.143647927
YML056C	0.999999592	1	1.168691798	1.143647881
YHR011W	0.999974242	1	1.168689155	1.143645295
YER099C	0.999973923	1	1.168689126	1.143645267
YMR306W	0.999929178	1	1.1686832	1.143639467
YGR254W	1.000018438	1	1.168674281	1.143630739
YER086W	0.999848943	1	1.168672559	1.143629054
YAL038W	1.004374282	1	1.168668905	1.143625479
YJR051W	0.999946031	1	1.168667115	1.143623727
YOR180C	0.999999821	1	1.168663445	1.143620135
YOL059W	0.999999963	1	1.168663445	1.143620135
YNL036W	1.000040488	1	1.168662219	1.143618936
YGL063W	1.000000465	1	1.168661281	1.143618018
YEL071W	0.999998451	1	1.168660348	1.143617105
Q0080	0.999934327	1	1.168658076	1.143614882
Q0085	0.999934327	1	1.168658076	1.143614882
Q0130	0.999934327	1	1.168658076	1.143614882
YBL099W	0.999934327	1	1.168658076	1.143614882
YBR039W	0.999934327	1	1.168658076	1.143614882
YDL004W	0.999934327	1	1.168658076	1.143614882
YDR298C	0.999934327	1	1.168658076	1.143614882
YDR377W	0.999934327	1	1.168658076	1.143614882
YJR121W	0.999934327	1	1.168658076	1.143614882
YKL016C	0.999934327	1	1.168658076	1.143614882
YLR295C	0.999934327	1	1.168658076	1.143614882
YML081C-A	0.999934327	1	1.168658076	1.143614882
YPL078C	0.999934327	1	1.168658076	1.143614882
YPL271W	0.999934327	1	1.168658076	1.143614882
YDR322C-A	0.999877246	1	1.168658076	1.143614882
YPR020W	0.999877246	1	1.168658076	1.143614882
YOL077W-A	0.999877246	1	1.168658076	1.143614882
YDL215C	0.999999821	1	1.168656085	1.143612933
YGR155W	0.999875207	1	1.168625353	1.14358286
YMR120C	0.999998811	1	1.168611111	1.143568923
YDR428C	0.999999821	1	1.168608036	1.143565914
YJR078W	0.999999821	1	1.168608036	1.143565914
YLR432W	0.999999963	1	1.168607825	1.143565708
YCR010C	0.999999963	1	1.16860759	1.143565477
YBR183W	0.999999338	1	1.16860759	1.143565477
YDR204W	1.000000433	1	1.16860759	1.143565477
YGL119W	1.000000433	1	1.16860759	1.143565477
YGR255C	1.000000433	1	1.16860759	1.143565477
YLR201C	1.000000433	1	1.16860759	1.143565477
YML110C	1.000000433	1	1.16860759	1.143565477
YOL096C	1.000000433	1	1.16860759	1.143565477
YOR125C	1.000000433	1	1.16860759	1.143565477
YBR046C	0.999999963	1	1.168607571	1.143565459
YNL267W	0.999999859	1	1.168607571	1.143565459
YOR360C	0.999998922	1	1.168607571	1.143565459
YCL038C	0.999999963	1	1.168607571	1.143565459
YCL035C	0.999999963	1	1.168607571	1.143565459
YBR001C	1.000000433	1	1.168607571	1.143565459
YIL043C	0.999999963	1	1.168607571	1.143565459
YCL052C	0.999999963	1	1.168607447	1.143565337
YJR013W	0.999999963	1	1.168607447	1.143565337
YMR261C	0.999999329	1	1.168607445	1.143565336
YNL045W	0.999999963	1	1.168600399	1.143558441
YNR060W	0.999999821	1	1.168560076	1.143518982
YGR154C	0.999999963	1	1.168542721	1.143501998
YHR163W	0.999100811	1	1.168478649	1.1434393
YOR283W	1.000142193	1	1.168460253	1.143421298
YOL086C	1.003265076	1	1.168360199	1.143323388
YLR348C	1.000666999	1	1.16835306	1.143316402
YAR035W	1.01458906	1	1.168292608	1.143257246
YKL085W	1.001169289	1	1.168259971	1.143225308
YCL050C	0.999705437	1	1.168156576	1.143124129
YJR019C	1.000017297	1	1.168119579	1.143087924
YLR153C	1.000780509	1	1.168118269	1.143086642
YKL120W	0.999665916	1	1.168114567	1.14308302
YGL156W	0.999998488	1	1.168113955	1.143082421
YBR145W	1.00000047	1	1.168113937	1.143082403
YER024W	1.00000047	1	1.168113885	1.143082352
YDL045C	0.999999963	1	1.168113885	1.143082352
YOL011W	0.999999859	1	1.168113885	1.143082352
YDL168W	1.004294826	1	1.168113527	1.143082002
YJR153W	1	1	1.168113527	1.143082002
YCR075C	1	1	1.168113527	1.143082002
YNR008W	0.999999859	1	1.168113527	1.143082002
YDR533C	0.999999821	1	1.168113527	1.143082002
YBL042C	0.999998488	1	1.168113527	1.143082002
YDL103C	0.999998488	1	1.168113527	1.143082002
YPR127W	0.999998451	1	1.168113527	1.143082002
YEL070W	0.999998347	1	1.168113527	1.143082002
YNR073C	0.999998347	1	1.168113527	1.143082002
YJL155C	1.000000426	1	1.168113527	1.143082002
YKL215C	0.999999963	1	1.168113527	1.143082002
YCL017C	0.999999859	1	1.168113527	1.143082002
YEL029C	0.999999859	1	1.168113527	1.143082002
YHL011C	0.999998451	1	1.168113527	1.143082002
YDR196C	0.99999831	1	1.168113527	1.143082002
YFL017C	1.004216901	1	1.168113527	1.143082002
YMR250W	0.999999963	1	1.168113527	1.143082002
YIR032C	0.999998347	1	1.168113527	1.143082002
YFL001W	0.99999831	1	1.168113521	1.143081996
YGL008C	0.999999821	1	1.168113521	1.143081996
YOL055C	0.999998451	1	1.168113521	1.143081996
YCR048W	0.999998936	1	1.16811352	1.143081994
YJL060W	0.999998347	1	1.168113519	1.143081994
YDL182W	0.999998488	1	1.168113508	1.143081983
YBR235W	1.00429067	1	1.168113508	1.143081983
YKR053C	1.004216957	1	1.168113508	1.143081983
YAL039C	1.004153645	1	1.168113508	1.143081983
YHR044C	1.004086164	1	1.168113508	1.143081983
YOR163W	1.000000844	1	1.168113508	1.143081983
YMR281W	1.00000047	1	1.168113508	1.143081983
YLR446W	1.000000458	1	1.168113508	1.143081983
YJR001W	1.000000433	1	1.168113508	1.143081983
YEL031W	1.000000433	1	1.168113508	1.143081983
YHR043C	1.000000433	1	1.168113508	1.143081983
YDR208W	1.000000317	1	1.168113508	1.143081983
YLR231C	1.000000279	1	1.168113508	1.143081983
YIL010W	1	1	1.168113508	1.143081983
YLL061W	1	1	1.168113508	1.143081983
YMR293C	1	1	1.168113508	1.143081983
YGL006W	1	1	1.168113508	1.143081983
YGL167C	1	1	1.168113508	1.143081983
YBR092C	1	1	1.168113508	1.143081983
YNR067C	1	1	1.168113508	1.143081983
YFL061W	1	1	1.168113508	1.143081983
YNL335W	1	1	1.168113508	1.143081983
YNL277W	0.999999968	1	1.168113508	1.143081983
YKR072C	0.999999963	1	1.168113508	1.143081983
YAL012W	0.999999963	1	1.168113508	1.143081983
YDL080C	0.999999963	1	1.168113508	1.143081983
YKL106W	0.999999963	1	1.168113508	1.143081983
YBR229C	0.999999963	1	1.168113508	1.143081983
YBR208C	0.999999963	1	1.168113508	1.143081983
YBR022W	0.999999963	1	1.168113508	1.143081983
YMR083W	0.999999864	1	1.168113508	1.143081983
YDR231C	0.999999859	1	1.168113508	1.143081983
YGR062C	0.999999859	1	1.168113508	1.143081983
YHR116W	0.999999859	1	1.168113508	1.143081983
YJL003W	0.999999859	1	1.168113508	1.143081983
YLL018C-A	0.999999859	1	1.168113508	1.143081983
YPL132W	0.999999859	1	1.168113508	1.143081983
YDR315C	0.999999859	1	1.168113508	1.143081983
YMR322C	0.999999821	1	1.168113508	1.143081983
YBR070C	0.999999821	1	1.168113508	1.143081983
YLR099C	0.999998922	1	1.168113508	1.143081983
YBR097W	0.999998909	1	1.168113508	1.143081983
YLR240W	0.999998909	1	1.168113508	1.143081983
YGR065C	0.999998678	1	1.168113508	1.143081983
YAL022C	0.999998488	1	1.168113508	1.143081983
YGR171C	0.999998488	1	1.168113508	1.143081983
YBR034C	0.999998488	1	1.168113508	1.143081983
YCR024C	0.999998488	1	1.168113508	1.143081983
YHR068W	0.999998488	1	1.168113508	1.143081983
YKR069W	0.999998488	1	1.168113508	1.143081983
YLL057C	0.999998488	1	1.168113508	1.143081983
YLR382C	0.999998488	1	1.168113508	1.143081983
YNL073W	0.999998488	1	1.168113508	1.143081983
YPL040C	0.999998488	1	1.168113508	1.143081983
YPL104W	0.999998488	1	1.168113508	1.143081983
YDR294C	0.999998488	1	1.168113508	1.143081983
YBR213W	0.999998488	1	1.168113508	1.143081983
YLL048C	0.999998488	1	1.168113508	1.143081983
YER175C	0.999998488	1	1.168113508	1.143081983
YDR071C	0.999998488	1	1.168113508	1.143081983
YMR006C	0.999998488	1	1.168113508	1.143081983
YNL333W	0.999998451	1	1.168113508	1.143081983
YLR134W	0.999998451	1	1.168113508	1.143081983
YDR453C	0.999998451	1	1.168113508	1.143081983
YGR043C	0.999998451	1	1.168113508	1.143081983
YLR043C	0.999998451	1	1.168113508	1.143081983
YKL008C	0.999998451	1	1.168113508	1.143081983
YGL077C	0.999998451	1	1.168113508	1.143081983
YDR399W	0.999998451	1	1.168113508	1.143081983
YER037W	0.999998451	1	1.168113508	1.143081983
YBR204C	0.999998451	1	1.168113508	1.143081983
YOR393W	0.999998347	1	1.168113508	1.143081983
YDR017C	0.999998347	1	1.168113508	1.143081983
YMR251W	0.999998347	1	1.168113508	1.143081983
YGL047W	0.99999831	1	1.168113508	1.143081983
YLR351C	0.999999963	1	1.168113508	1.143081983
YIL099W	0.999999859	1	1.168113508	1.143081983
YPR069C	0.999999821	1	1.168113508	1.143081983
YIR038C	0.999999821	1	1.168113508	1.143081983
YDL210W	0.999998488	1	1.168113508	1.143081983
YDR268W	0.999998488	1	1.168113508	1.143081983
YPL097W	0.999998488	1	1.168113508	1.143081983
YGL080W	0.999998451	1	1.168113508	1.143081983
YOR374W	0.999998347	1	1.168113508	1.143081983
YNL274C	0.999998347	1	1.168113508	1.143081983
YPR121W	0.99999831	1	1.168113508	1.143081983
YDL066W	0.999998451	1	1.168113508	1.143081983
YGR096W	1	1	1.168113508	1.143081983
YDR367W	0.999999821	1	1.168113508	1.143081983
YKL004W	0.999999821	1	1.168113508	1.143081983
YER087W	0.999998488	1	1.168113508	1.143081983
YLR285W	0.999998488	1	1.168113508	1.143081983
YLR299W	0.999998488	1	1.168113508	1.143081983
YLR011W	1.000000886	1	1.168113508	1.143081983
YAR071W	1	1	1.168113508	1.143081983
YBL030C	1	1	1.168113508	1.143081983
YBR068C	1	1	1.168113508	1.143081983
YBR069C	1	1	1.168113508	1.143081983
YBR085W	1	1	1.168113508	1.143081983
YBR093C	1	1	1.168113508	1.143081983
YBR199W	1	1	1.168113508	1.143081983
YBR205W	1	1	1.168113508	1.143081983
YBR293W	1	1	1.168113508	1.143081983
YBR294W	1	1	1.168113508	1.143081983
YBR296C	1	1	1.168113508	1.143081983
YBR298C	1	1	1.168113508	1.143081983
YBR299W	1	1	1.168113508	1.143081983
YCL025C	1	1	1.168113508	1.143081983
YCL069W	1	1	1.168113508	1.143081983
YCR037C	1	1	1.168113508	1.143081983
YDL245C	1	1	1.168113508	1.143081983
YDL247W	1	1	1.168113508	1.143081983
YDR046C	1	1	1.168113508	1.143081983
YDR342C	1	1	1.168113508	1.143081983
YDR343C	1	1	1.168113508	1.143081983
YDR345C	1	1	1.168113508	1.143081983
YDR384C	1	1	1.168113508	1.143081983
YDR483W	1	1	1.168113508	1.143081983
YDR497C	1	1	1.168113508	1.143081983
YDR508C	1	1	1.168113508	1.143081983
YDR536W	1	1	1.168113508	1.143081983
YEL006W	1	1	1.168113508	1.143081983
YEL063C	1	1	1.168113508	1.143081983
YEL069C	1	1	1.168113508	1.143081983
YER053C	1	1	1.168113508	1.143081983
YER056C	1	1	1.168113508	1.143081983
YER060W	1	1	1.168113508	1.143081983
YER060W-A	1	1	1.168113508	1.143081983
YFL011W	1	1	1.168113508	1.143081983
YFL055W	1	1	1.168113508	1.143081983
YGL084C	1	1	1.168113508	1.143081983
YGL225W	1	1	1.168113508	1.143081983
YGR055W	1	1	1.168113508	1.143081983
YGR121C	1	1	1.168113508	1.143081983
YGR138C	1	1	1.168113508	1.143081983
YGR143W	1	1	1.168113508	1.143081983
YGR191W	1	1	1.168113508	1.143081983
YGR243W	1	1	1.168113508	1.143081983
YGR287C	1	1	1.168113508	1.143081983
YGR292W	1	1	1.168113508	1.143081983
YHL036W	1	1	1.168113508	1.143081983
YHR092C	1	1	1.168113508	1.143081983
YHR094C	1	1	1.168113508	1.143081983
YHR096C	1	1	1.168113508	1.143081983
YHR162W	1	1	1.168113508	1.143081983
YIL013C	1	1	1.168113508	1.143081983
YIL172C	1	1	1.168113508	1.143081983
YJL129C	1	1	1.168113508	1.143081983
YJL139C	1	1	1.168113508	1.143081983
YJL198W	1	1	1.168113508	1.143081983
YJL214W	1	1	1.168113508	1.143081983
YJL216C	1	1	1.168113508	1.143081983
YJL219W	1	1	1.168113508	1.143081983
YJL221C	1	1	1.168113508	1.143081983
YJR077C	1	1	1.168113508	1.143081983
YJR158W	1	1	1.168113508	1.143081983
YJR160C	1	1	1.168113508	1.143081983
YKL146W	1	1	1.168113508	1.143081983
YKR039W	1	1	1.168113508	1.143081983
YKR061W	1	1	1.168113508	1.143081983
YLL015W	1	1	1.168113508	1.143081983
YLL028W	1	1	1.168113508	1.143081983
YLL043W	1	1	1.168113508	1.143081983
YLL052C	1	1	1.168113508	1.143081983
YLR081W	1	1	1.168113508	1.143081983
YLR092W	1	1	1.168113508	1.143081983
YLR138W	1	1	1.168113508	1.143081983
YLR237W	1	1	1.168113508	1.143081983
YLR307W	1	1	1.168113508	1.143081983
YLR308W	1	1	1.168113508	1.143081983
YML123C	1	1	1.168113508	1.143081983
YMR011W	1	1	1.168113508	1.143081983
YMR056C	1	1	1.168113508	1.143081983
YMR088C	1	1	1.168113508	1.143081983
YNL029C	1	1	1.168113508	1.143081983
YNL101W	1	1	1.168113508	1.143081983
YNL142W	1	1	1.168113508	1.143081983
YNL268W	1	1	1.168113508	1.143081983
YNL270C	1	1	1.168113508	1.143081983
YNL318C	1	1	1.168113508	1.143081983
YNR013C	1	1	1.168113508	1.143081983
YNR072W	1	1	1.168113508	1.143081983
YOL020W	1	1	1.168113508	1.143081983
YOL103W	1	1	1.168113508	1.143081983
YOL156W	1	1	1.168113508	1.143081983
YOR011W	1	1	1.168113508	1.143081983
YOR071C	1	1	1.168113508	1.143081983
YOR099W	1	1	1.168113508	1.143081983
YOR192C	1	1	1.168113508	1.143081983
YOR222W	1	1	1.168113508	1.143081983
YOR273C	1	1	1.168113508	1.143081983
YOR348C	1	1	1.168113508	1.143081983
YPL053C	1	1	1.168113508	1.143081983
YPL134C	1	1	1.168113508	1.143081983
YPL189W	1	1	1.168113508	1.143081983
YPL265W	1	1	1.168113508	1.143081983
YPL274W	1	1	1.168113508	1.143081983
YPR138C	1	1	1.168113508	1.143081983
YPR156C	1	1	1.168113508	1.143081983
YPR159W	1	1	1.168113508	1.143081983
YPR192W	1	1	1.168113508	1.143081983
YHR215W	1	1	1.168113508	1.143081983
YAR069W-A	1	1	1.168113508	1.143081983
YHR214W-F	1	1	1.168113508	1.143081983
YOL092W	1	1	1.168113508	1.143081983
YBR241C	1	1	1.168113508	1.143081983
YGL104C	1	1	1.168113508	1.143081983
YDR387C	1	1	1.168113508	1.143081983
YFL054C	1	1	1.168113508	1.143081983
YDR105C	1	1	1.168113508	1.143081983
YDR456W	1	1	1.168113508	1.143081983
YBR147W	1	1	1.168113508	1.143081983
YDR352W	1	1	1.168113508	1.143081983
YMR243C	1	1	1.168113508	1.143081983
YOR316C	1	1	1.168113508	1.143081983
YOR226C	1	1	1.168113508	1.143081983
YPL135W	1	1	1.168113508	1.143081983
YOR334W	1	1	1.168113508	1.143081983
YPL060W	1	1	1.168113508	1.143081983
YMR303C	0.999999859	1	1.168113508	1.143081983
YIL155C	0.999998916	1	1.168113508	1.143081983
YGR234W	0.999998488	1	1.168113508	1.143081983
YJL046W	0.999998488	1	1.168113508	1.143081983
YBR110W	0.999998488	1	1.168113508	1.143081983
YPR047W	0.999998488	1	1.168113508	1.143081983
YLR143W	0.999998488	1	1.168113508	1.143081983
YMR162C	0.999998488	1	1.168113508	1.143081983
YDR270W	0.999998488	1	1.168113508	1.143081983
YDR058C	0.999998488	1	1.168113508	1.143081983
YPL092W	0.999998488	1	1.168113508	1.143081983
YBR026C	0.999998451	1	1.168113508	1.143081983
YLR172C	0.999998488	1	1.168113508	1.143081983
YKR089C	0.99999831	1	1.168113508	1.143081983
YIR028W	0.999998678	1	1.168113508	1.143081983
YJR152W	0.999998678	1	1.168113508	1.143081983
YCR068W	0.999998347	1	1.168113508	1.143081983
YDR261C	1	1	1.168113508	1.143081983
YLR300W	1	1	1.168113508	1.143081983
YMR202W	0.999999821	1	1.168113507	1.143081983
YOR143C	0.999998488	1	1.168113507	1.143081983
YHR091C	0.999998488	1	1.168113507	1.143081983
YLR286C	0.999998451	1	1.168113507	1.143081983
YIR031C	0.99999831	1	1.168113507	1.143081983
YDL178W	0.999999963	1	1.168113507	1.143081983
YNL037C	0.999999963	1	1.168113507	1.143081983
YOR136W	0.999999963	1	1.168113507	1.143081983
YKL194C	0.999998488	1	1.168113507	1.143081982
YBR021W	1	1	1.168113507	1.143081982
YNL129W	1	1	1.168113507	1.143081982
YGR282C	0.999998488	1	1.168113507	1.143081982
YJL212C	0.999998488	1	1.168113507	1.143081982
YIL162W	1	1	1.168113507	1.143081982
YDL042C	1	1	1.168113507	1.143081982
YDR191W	1	1	1.168113507	1.143081982
YOL068C	1	1	1.168113507	1.143081982
YOR025W	1	1	1.168113507	1.143081982
YPL015C	1	1	1.168113507	1.143081982
YDR502C	1.000000433	1	1.168113504	1.14308198
YBR035C	0.999999963	1	1.168113504	1.14308198
YDL078C	0.999998959	1	1.168113504	1.14308198
YLR209C	0.99999831	1	1.168113504	1.14308198
YGR007W	0.999998347	1	1.168113504	1.14308198
YDR376W	0.999999963	1	1.168113504	1.143081979
YAL023C	0.999998451	1	1.168113504	1.143081979
YDL095W	0.999998451	1	1.168113504	1.143081979
YMR318C	0.999999963	1	1.168113504	1.143081979
YMR110C	1.000000433	1	1.168113504	1.143081979
YMR289W	0.999999859	1	1.168113501	1.143081977
YNR033W	0.999999859	1	1.168113501	1.143081977
YDR039C	0.999998451	1	1.168113501	1.143081977
YLR214W	0.999999864	1	1.168113501	1.143081977
YDR380W	0.999999963	1	1.168113501	1.143081977
YKL140W	1.000000433	1	1.168113501	1.143081977
YKL132C	0.999999963	1	1.168113501	1.143081977
YHR216W	0.999998451	1	1.168113501	1.143081977
YGR170W	0.999998451	1	1.168113501	1.143081977
YPR003C	0.999998347	1	1.168113501	1.143081977
YMR041C	1.000000433	1	1.168113501	1.143081977
YML070W	0.999999821	1	1.168113501	1.143081977
YPR128C	0.99999831	1	1.168113501	1.143081977
YOR155C	0.999998451	1	1.168113501	1.143081977
YPL214C	0.999998451	1	1.168113501	1.143081977
YEL041W	0.99999831	1	1.168113501	1.143081977
YMR145C	0.999999963	1	1.168113501	1.143081976
YIL074C	1.000000425	1	1.1681135	1.143081976
YIL006W	0.999998347	1	1.168113499	1.143081975
YJL005W	1.000000433	1	1.168113499	1.143081975
YOR377W	0.999998451	1	1.168113499	1.143081975
YDR437W	1.000000433	1	1.168113499	1.143081975
YGR216C	1.000000433	1	1.168113499	1.143081975
YNL038W	1.000000433	1	1.168113499	1.143081975
YPL096C-A	1.000000433	1	1.168113499	1.143081975
YPL175W	1.000000433	1	1.168113499	1.143081975
YPL076W	0.999998451	1	1.168113499	1.143081975
YLR155C	0.99999831	1	1.168113499	1.143081975
YLR157C	0.99999831	1	1.168113499	1.143081975
YLR158C	0.99999831	1	1.168113499	1.143081975
YLR160C	0.99999831	1	1.168113499	1.143081975
YGR240C	0.999999859	1	1.168113499	1.143081974
YMR207C	0.999999773	1	1.168113497	1.143081973
YJR103W	0.999999779	1	1.168113495	1.143081971
YJL168C	0.999998347	1	1.168113493	1.143081968
YIL053W	0.999999963	1	1.16811349	1.143081965
YMR084W	0.999998451	1	1.16811349	1.143081965
YHR106W	0.999999963	1	1.16811349	1.143081965
YJL134W	1.004216957	1	1.16811349	1.143081965
YHR109W	1.00000047	1	1.16811349	1.143081965
YMR087W	1.000000012	1	1.16811349	1.143081965
YGL022W	0.999999963	1	1.16811349	1.143081965
YBR004C	1.000000844	1	1.16811349	1.143081965
YER141W	0.999999963	1	1.16811349	1.143081965
YIL002C	0.999999963	1	1.168113489	1.143081965
YKL212W	0.999999963	1	1.168113489	1.143081965
YPL258C	0.999999821	1	1.168113489	1.143081965
YGL038C	0.999999859	1	1.168113489	1.143081965
YJR130C	0.999999859	1	1.168113489	1.143081965
YIL066C	0.999998922	1	1.168113489	1.143081965
YBR058C-A	0.999998451	1	1.168113489	1.143081965
YBR218C	1.000000886	1	1.168113489	1.143081965
YBR041W	1.000000317	1	1.168113489	1.143081965
YJL026W	0.999998451	1	1.168113489	1.143081965
YBR111C	0.999999963	1	1.168113489	1.143081965
YER015W	0.999999963	1	1.168113489	1.143081965
YOL052C	0.999999963	1	1.168113489	1.143081965
YLR020C	0.999999859	1	1.168113489	1.143081965
YMR267W	0.999998451	1	1.168113489	1.143081965
YKL141W	0.99999831	1	1.168113489	1.143081965
YLL041C	0.99999831	1	1.168113489	1.143081965
YOR081C	1.004220205	1	1.168113489	1.143081965
YHR074W	0.999999963	1	1.168113489	1.143081965
YDL040C	0.999999963	1	1.168113489	1.143081965
YGR147C	0.999999963	1	1.168113489	1.143081965
YPR118W	0.999999963	1	1.168113489	1.143081965
YKR097W	0.999999821	1	1.168113489	1.143081965
YMR008C	0.999998451	1	1.168113489	1.143081965
YER070W	0.999998451	1	1.168113489	1.143081965
YHR008C	0.999998451	1	1.168113489	1.143081965
YBL039C	1.004234483	1	1.168113489	1.143081965
YEL058W	1.004219444	1	1.168113489	1.143081965
YFR019W	0.999999963	1	1.168113489	1.143081965
YKL069W	0.999999963	1	1.168113489	1.143081965
YGR244C	0.999999963	1	1.168113489	1.143081965
YCL047C	0.999999859	1	1.168113489	1.143081965
YDR368W	0.999999859	1	1.168113489	1.143081965
YOR142W	0.999999821	1	1.168113489	1.143081965
YOR311C	1.00000047	1	1.168113489	1.143081965
YPR062W	0.999998451	1	1.168113489	1.143081965
YGR019W	0.999998347	1	1.168113489	1.143081965
YGR019Wly	0.999998347	1	1.168113489	1.143081965
YDR321W	0.999999975	1	1.168113489	1.143081965
YCR028C	0.999999963	1	1.168113489	1.143081965
YIR027C	0.999999821	1	1.168113489	1.143081965
YKL148C	0.999998917	1	1.168113489	1.143081965
YJL100W	0.999998359	1	1.168113489	1.143081965
YBR006W	0.999998347	1	1.168113489	1.143081965
YDL090C	0.999999968	1	1.168113489	1.143081965
YKL019W	0.999999968	1	1.168113489	1.143081965
YNR019W	0.999999963	1	1.168113489	1.143081965
YGR247W	0.999999821	1	1.168113489	1.143081965
YHR067W	0.999998922	1	1.168113489	1.143081965
YIR037W	0.999998916	1	1.168113489	1.143081965
YOR391C	0.999999821	1	1.168113489	1.143081965
YLR057W	1.000000433	1	1.168113489	1.143081965
YJL071W	1.000000433	1	1.168113489	1.143081965
YPL280W	0.999999821	1	1.168113489	1.143081965
YBL064C	0.999998347	1	1.168113485	1.143081961
YCR083W	0.999999859	1	1.168113485	1.143081961
YPR184W	0.999999975	1	1.168113484	1.14308196
YDR135C	1.000000849	1	1.168113484	1.14308196
YDR302W	0.999998451	1	1.168113484	1.14308196
YNR030W	0.999999669	1	1.168113484	1.14308196
YJR024C	0.999999963	1	1.168113484	1.14308196
YMR298W	0.999998451	1	1.168113483	1.143081959
YLR142W	0.999998451	1	1.168113482	1.143081958
YGR088W	0.999999963	1	1.168113482	1.143081958
YGL186C	0.999998347	1	1.168113482	1.143081958
YDR242W	0.999999859	1	1.168113482	1.143081958
YMR058W	1.000000433	1	1.168113482	1.143081958
YBR180W	0.999999963	1	1.168113482	1.143081958
YGL027C	0.999999821	1	1.168113482	1.143081958
YDR403W	0.999999963	1	1.168113482	1.143081958
YML106W	0.999998248	1	1.168113481	1.143081957
YNR012W	0.999999859	1	1.168113477	1.143081953
YLL031C	0.999998451	1	1.168113477	1.143081953
YML125C	0.999999969	1	1.168113475	1.143081951
YDR038C	0.999998451	1	1.168113475	1.143081951
YBR244W	1.004220205	1	1.168113475	1.143081951
YER163C	0.999999963	1	1.168113475	1.143081951
YFL059W	0.999999669	1	1.168113475	1.143081951
YER119C	0.999998959	1	1.168113475	1.143081951
YJR040W	0.999998922	1	1.168113475	1.143081951
YMR241W	0.999998451	1	1.168113475	1.143081951
YNL141W	0.999999859	1	1.168113475	1.143081951
YDL238C	0.999998451	1	1.168113475	1.143081951
YBR023C	1.000000433	1	1.168113475	1.143081951
YLR089C	0.999998451	1	1.168113467	1.143081943
YKL127W	0.999998463	1	1.168113466	1.143081942
YDR400W	0.999999963	1	1.168113456	1.143081932
YGR124W	0.999999963	1	1.168113456	1.143081932
YLR189C	0.999998488	1	1.168113456	1.143081932
YMR013C	0.999998488	1	1.168113456	1.143081932
YPL268W	0.999998922	1	1.168113456	1.143081932
YOR040W	0.999998488	1	1.168113456	1.143081932
YHR013C	0.999999963	1	1.168113456	1.143081932
YNL292W	0.999998347	1	1.168113456	1.143081932
YML082W	0.999999821	1	1.168113456	1.143081932
YLR244C	0.999998451	1	1.168113456	1.143081932
YLR245C	0.999998451	1	1.168113456	1.143081932
YJR049C	1.000000433	1	1.168113456	1.143081932
YPL091W	0.999999963	1	1.168113456	1.143081932
YKL103C	0.999999859	1	1.168113456	1.143081932
YCR011C	0.999998347	1	1.168113456	1.143081932
YIL023C	0.999998347	1	1.168113456	1.143081932
YNL202W	1.00429067	1	1.168113456	1.143081932
YOL152W	0.999999963	1	1.168113456	1.143081932
YBR252W	0.999999821	1	1.168113456	1.143081932
YMR170C	0.999998922	1	1.168113456	1.143081932
YDR481C	0.999998451	1	1.168113456	1.143081932
YHR100C	0.999998347	1	1.168113456	1.143081932
YMR323W	0.999999963	1	1.168113456	1.143081932
YBR159W	0.999998451	1	1.168113456	1.143081932
YJR155W	0.999999821	1	1.168113456	1.143081932
YDR023W	0.999999363	1	1.168113456	1.143081932
YGL224C	0.999999859	1	1.168113456	1.143081932
YCL004W	0.999998347	1	1.168113456	1.143081932
YCR036W	1.00000047	1	1.168113456	1.143081932
YDR441C	1.000000433	1	1.168113456	1.143081932
YDR236C	1.000000433	1	1.168113456	1.143081932
YBR038W	0.999998347	1	1.168113456	1.143081932
YNL229C	0.999998347	1	1.168113456	1.143081932
YNR027W	0.999999963	1	1.168113456	1.143081932
YBL080C	0.999998488	1	1.168113456	1.143081932
YBR295W	0.999998488	1	1.168113456	1.143081932
YNL192W	0.999998922	1	1.168113456	1.143081932
YOL165C	0.999998451	1	1.168113456	1.143081932
YPL148C	0.999999963	1	1.168113456	1.143081932
YOL136C	0.999998922	1	1.168113456	1.143081932
YDL243C	1.000000379	1	1.168113456	1.143081932
YNL003C	0.999999773	1	1.168113456	1.143081932
YOR388C	0.999998922	1	1.168113456	1.143081932
YDR226W	0.999998916	1	1.168113456	1.143081932
YJR057W	0.999999963	1	1.168113456	1.143081932
YEL039C	0.999998451	1	1.168113456	1.143081932
YBR132C	0.999998458	1	1.168113456	1.143081932
YKL217W	0.999999859	1	1.168113456	1.143081932
YGL037C	0.999999963	1	1.168113456	1.143081932
YDR036C	0.999999859	1	1.168113456	1.143081932
YOR190W	1	1	1.168113455	1.143081931
YOL033W	0.999998488	1	1.168113455	1.143081931
YGL169W	0.999998488	1	1.168113455	1.143081931
YMR210W	0.999998488	1	1.168113455	1.143081931
YDR009W	0.999998488	1	1.168113455	1.143081931
YER081W	0.99999831	1	1.168113455	1.143081931
YBL015W	1.000000322	1	1.168113453	1.14308193
YDR513W	0.999998347	1	1.168113452	1.143081929
YJR110W	0.999998959	1	1.168113452	1.143081929
YJL097W	0.999999859	1	1.168113452	1.143081929
YOR100C	0.999998451	1	1.168113452	1.143081929
YFL058W	0.999999975	1	1.168113452	1.143081928
YCR105W	0.999999963	1	1.168113447	1.143081924
YKR031C	0.999998451	1	1.168113447	1.143081924
YPL069C	0.999999821	1	1.168113447	1.143081924
YOR375C	0.999986139	1	1.168113447	1.143081924
YOR221C	0.999998959	1	1.168113447	1.143081924
YGL067W	1.000000433	1	1.168113447	1.143081924
YNL130C	0.999998451	1	1.168113447	1.143081924
YMR319C	1.000000433	1	1.168113447	1.143081923
YML100W	0.999999963	1	1.168113446	1.143081923
YDL142C	0.999999859	1	1.168113446	1.143081923
YBR249C	0.99999846	1	1.168113441	1.143081918
YMR099C	1.000000317	1	1.168113438	1.143081915
YML086C	1.000000433	1	1.168113438	1.143081915
YKL035W	0.999998451	1	1.168113438	1.143081915
YER042W	1.000000433	1	1.168113438	1.143081915
YKL218C	0.999998451	1	1.168113438	1.143081915
YKR076W	0.999998451	1	1.168113438	1.143081915
YBR042C	0.999998922	1	1.168113438	1.143081915
YFR047C	0.999998347	1	1.168113438	1.143081915
YPR026W	0.99999831	1	1.168113438	1.143081915
YAL035W	0.999999821	1	1.168113437	1.143081914
YMR301C	0.999999821	1	1.168113437	1.143081914
YGR286C	0.999998451	1	1.168113437	1.143081914
YOR270C	1.00000047	1	1.168113437	1.143081914
YPL206C	0.999999859	1	1.168113437	1.143081914
YMR113W	1.000000127	1	1.168113437	1.143081914
YPL212C	0.999999963	1	1.168113437	1.143081914
YOR120W	0.999999669	1	1.168113437	1.143081914
YCR024C-A	1	1	1.168113437	1.143081914
YEL017C-A	1	1	1.168113437	1.143081914
YMR226C	0.999999963	1	1.168113437	1.143081914
YKL192C	0.999998495	1	1.168113437	1.143081914
YGL184C	0.999998451	1	1.168113437	1.143081914
YJL200C	1.000000244	1	1.168113437	1.143081914
YDR248C	0.999999963	1	1.168113437	1.143081914
YGL065C	0.999999338	1	1.168113437	1.143081914
YLR438W	0.999998353	1	1.168113437	1.143081914
YDR440W	0.999998347	1	1.168113437	1.143081914
YJL126W	0.99999831	1	1.168113437	1.143081914
YKR043C	1.000000433	1	1.168113437	1.143081914
YGR256W	0.999999963	1	1.168113437	1.143081914
YDR173C	0.999998922	1	1.168113437	1.143081914
YKL026C	0.999998451	1	1.168113437	1.143081914
YLR284C	0.999999859	1	1.168113437	1.143081914
YHL016C	1.000000244	1	1.168113437	1.143081914
YNL219C	0.999999963	1	1.168113437	1.143081914
YLR047C	0.999999963	1	1.168113437	1.143081914
YMR271C	0.999998805	1	1.168113437	1.143081914
YGL142C	0.999999963	1	1.168113437	1.143081914
YBR036C	0.999998451	1	1.168113433	1.14308191
YGL248W	0.999998451	1	1.168113433	1.14308191
YER065C	0.999999827	1	1.168113433	1.14308191
YEL038W	0.999998451	1	1.168113432	1.143081909
YMR009W	0.999998451	1	1.168113432	1.143081909
YGL125W	0.999999063	1	1.168113382	1.14308186
YER073W	1.000000433	1	1.168113369	1.143081848
YAL044C	0.999952947	1	1.168113338	1.143081817
YDR019C	0.999952947	1	1.168113338	1.143081817
YMR189W	0.999952947	1	1.168113338	1.143081817
YJR048W	0.999998347	1	1.168113332	1.143081811
YBR263W	0.999955486	1	1.168113319	1.143081798
YJR069C	0.999997156	1	1.168113284	1.143081764
YDR503C	0.999991144	1	1.168112381	1.14308088
YDL166C	1.000365876	1	1.168110792	1.143079325
YML120C	0.999900787	1	1.168110416	1.143078957
YGL062W	0.99997523	1	1.168106941	1.143075557
YJR095W	0.999963579	1	1.168106527	1.143075152
YHR144C	0.999961362	1	1.168105623	1.143074267
YDL085W	0.999915083	1	1.168100702	1.143069451
YNL104C	0.999647739	1	1.168095922	1.143064774
YBR221C	1.000965857	1	1.168095233	1.1430641
YER178W	1.000965857	1	1.168095233	1.1430641
YGR193C	1.000965857	1	1.168095233	1.1430641
YNL071W	1.000965857	1	1.168095233	1.1430641
YFL018C	1.000973118	1	1.168095063	1.143063934
YBR291C	0.999914003	1	1.168092173	1.143061106
YGR209C	0.999796214	1	1.168081509	1.14305067
YHR183W	0.999793993	1	1.168079781	1.143048979
YHL012W	0.999713583	1	1.168075383	1.143044675
YPR074C	0.999769505	1	1.168075378	1.14304467
YAL054C	0.999998352	1	1.168057579	1.143027253
YER170W	1.000000929	1	1.168057517	1.143027192
YKL181W	0.999558488	1	1.168055064	1.143024792
YPL061W	1.01874565	1	1.168046435	1.143016348
YLR304C	0.997295108	1	1.167754788	1.14273095
YJR105W	0.998513085	1	1.167741337	1.142717788
YDR300C	0.998319791	1	1.167715474	1.142692479
YOR323C	0.998319791	1	1.167715474	1.142692479
YLR027C	0.996043834	1	1.167524068	1.142505174
YPL028W	0.995948461	1	1.167484365	1.142466322
YPR021C	0.990433248	1	1.167441064	1.142423949
YPR081C	0.994757261	1	1.167418959	1.142402318
YLR044C	1.013848385	1	1.167173647	1.142162263
YNL169C	0.99211147	1	1.167070846	1.142061664
YLR354C	1.013795777	1	1.166717344	1.141715738
YPL262W	0.998164437	1	1.166498608	1.141501689
YOL126C	0.991284428	1	1.166327234	1.141333988
YOL064C	0.992433417	1	1.166221895	1.141230906
YLR058C	0.999740191	1	1.165399243	1.140425882
YOR184W	0.981297328	1	1.162937243	1.138016641
YGR208W	0.981297192	1	1.162390685	1.137481795
YOR175C	0.857910263	1	1.150768355	1.12610852
YML004C	0.999998922	1	1.128219172	1.104042543
YDR272W	0.999998922	1	1.128219172	1.104042543
YKL060C	0.774513721	1	0.906503614	0.887078132
YMR205C	0.774513721	1	0.906503614	0.887078132
YNL241C	0.705560964	1	0.790275305	0.773340482
YGL202W	0.613027522	1	0.754390264	0.738224422
YHR137W	0.612361873	1	0.754016596	0.737858761
YDR516C	0.562552656	1	0.649169021	0.635257967
Q0105	0.479999229	1	0.559983088	0.547983201
YBL045C	0.479999229	1	0.559983088	0.547983201
YDR529C	0.479999201	1	0.559983088	0.547983201
YEL024W	0.479999201	1	0.559983088	0.547983201
YFR033C	0.479999201	1	0.559983088	0.547983201
YGR183C	0.479999201	1	0.559983088	0.547983201
YHR001W-A	0.479999201	1	0.559983088	0.547983201
YJL166W	0.479999201	1	0.559983088	0.547983201
YOR065W	0.479999201	1	0.559983088	0.547983201
YPR191W	0.479999201	1	0.559983088	0.547983201
Q0045	0.472398061	1	0.555525122	0.543620764
Q0250	0.472398061	1	0.555525122	0.543620764
Q0275	0.472398061	1	0.555525122	0.543620764
YDL067C	0.472398061	1	0.555525122	0.543620764
YLR395C	0.472402134	1	0.555523411	0.54361909
YGL187C	0.472400617	1	0.555523411	0.54361909
YGL191W	0.472400617	1	0.555523411	0.54361909
YHR051W	0.472400617	1	0.555523411	0.54361909
YIL111W	0.472400617	1	0.555523411	0.54361909
YLR038C	0.472400617	1	0.555523411	0.54361909
YMR256C	0.472400617	1	0.555523411	0.54361909
YJL121C	0.450653812	1	0.454941961	0.445193002
bcere0029_32090	0.107785123	1	0.218014677	0.213342836
A7U8C7	0.101258584	1	0.157130303	0.153763155
WT_yields	1.021898276	0.040553414	0	0
YAR015W	0	0	0	0
YBL033C	0	0	0	0
YBL076C	0	0	0	0
YBR029C	0	0	0	0
YBR115C	0	0	0	0
YBR126C	0	0	0	0
YBR153W	0	0	0	0
YBR166C	0	0	0	0
YBR248C	0	0	0	0
YBR256C	0	0	0	0
YCL018W	0	0	0	0
YCL030C	0	0	0	0
YCR053W	0	0	0	0
YDL055C	0	0	0	0
YDL093W	0	0	0	0
YDL131W	0	0	0	0
YDL141W	0	0	0	0
YDL205C	0	0	0	0
YDR007W	0	0	0	0
YDR037W	0	0	0	0
YDR044W	0	0	0	0
YDR047W	0	0	0	0
YDR074W	0	0	0	0
YDR127W	0	0	0	0
YDR158W	0	0	0	0
YDR232W	0	0	0	0
YDR234W	0	0	0	0
YDR341C	0	0	0	0
YDR353W	0	0	0	0
YDR354W	0	0	0	0
YDR408C	0	0	0	0
YDR454C	0	0	0	0
YDR487C	0	0	0	0
YEL021W	0	0	0	0
YER003C	0	0	0	0
YER014W	0	0	0	0
YER023W	0	0	0	0
YER026C	0	0	0	0
YER043C	0	0	0	0
YER052C	0	0	0	0
YER055C	0	0	0	0
YER069W	0	0	0	0
YER090W	0	0	0	0
YER091C	0	0	0	0
YFL022C	0	0	0	0
YFL045C	0	0	0	0
YFR025C	0	0	0	0
YFR030W	0	0	0	0
YGL001C	0	0	0	0
YGL009C	0	0	0	0
YGL012W	0	0	0	0
YGL026C	0	0	0	0
YGL040C	0	0	0	0
YGL055W	0	0	0	0
YGL148W	0	0	0	0
YGL154C	0	0	0	0
YGL234W	0	0	0	0
YGL245W	0	0	0	0
YGR060W	0	0	0	0
YGR061C	0	0	0	0
YGR094W	0	0	0	0
YGR175C	0	0	0	0
YGR185C	0	0	0	0
YGR204W	0	0	0	0
YGR264C	0	0	0	0
YHR007C	0	0	0	0
YHR018C	0	0	0	0
YHR019C	0	0	0	0
YHR020W	0	0	0	0
YHR025W	0	0	0	0
YHR042W	0	0	0	0
YHR072W	0	0	0	0
YHR190W	0	0	0	0
YHR208W	0	0	0	0
YIL020C	0	0	0	0
YIL078W	0	0	0	0
YIL094C	0	0	0	0
YIL116W	0	0	0	0
YIR034C	0	0	0	0
YJL088W	0	0	0	0
YJL130C	0	0	0	0
YJL153C	0	0	0	0
YJL167W	0	0	0	0
YJR016C	0	0	0	0
YJR073C	0	0	0	0
YJR109C	0	0	0	0
YJR137C	0	0	0	0
YJR139C	0	0	0	0
YJR148W	0	0	0	0
YKL001C	0	0	0	0
YKL024C	0	0	0	0
YKL067W	0	0	0	0
YKL182W	0	0	0	0
YKL211C	0	0	0	0
YKL216W	0	0	0	0
YKR067W	0	0	0	0
YLL018C	0	0	0	0
YLR060W	0	0	0	0
YLR100W	0	0	0	0
YLR180W	0	0	0	0
YLR355C	0	0	0	0
YLR359W	0	0	0	0
YLR420W	0	0	0	0
YML126C	0	0	0	0
YMR062C	0	0	0	0
YMR108W	0	0	0	0
YMR208W	0	0	0	0
YMR217W	0	0	0	0
YMR220W	0	0	0	0
YMR300C	0	0	0	0
YNL220W	0	0	0	0
YNL247W	0	0	0	0
YNL280C	0	0	0	0
YNL316C	0	0	0	0
YNR016C	0	0	0	0
YNR043W	0	0	0	0
YNR050C	0	0	0	0
YOL058W	0	0	0	0
YOL066C	0	0	0	0
YOL097C	0	0	0	0
YOL140W	0	0	0	0
YOL143C	0	0	0	0
YOR074C	0	0	0	0
YOR095C	0	0	0	0
YOR128C	0	0	0	0
YOR130C	0	0	0	0
YOR168W	0	0	0	0
YOR176W	0	0	0	0
YOR202W	0	0	0	0
YOR236W	0	0	0	0
YOR278W	0	0	0	0
YOR303W	0	0	0	0
YOR335C	0	0	0	0
YPL117C	0	0	0	0
YPL160W	0	0	0	0
YPL172C	0	0	0	0
YPL231W	0	0	0	0
YPR033C	0	0	0	0
YPR035W	0	0	0	0
YPR060C	0	0	0	0
YPR113W	0	0	0	0
YPR167C	0	0	0	0
YPR183W	0	0	0	0
fdyG	0	1	0	0
