genes	enzymes	shortNames	MWs	actions	k_scores	OE	minUsage	maxUsage	pUsage	foldChange	unique	conectivity	groups	priority
YBR208C	P32528	DUR1,2	201.82994	2	1000	2	1.86993017974798e-07	1.87078432159765e-07	1.87042164919645e-07	1.000001000001	1	10	0	1
YEL046C	P37303	GLY1	42.81463	2	1000	2	9.52586132405147e-08	9.53514245864426e-08	9.52697775853812e-08	1.000001000001	1	4	0	1
YEL047C	P32614	FRD1	50.84351	1	1000	2	5.60362279884673e-07	0.000959411961853097	5.60436169711178e-07	1.000001000001	1	10	0	1
YHR037W	P07275	PUT2	64.43444	1	1000	2	5.75305274015032e-06	0.000762358450749257	5.75381134236809e-06	1.00000100000099	1	9	0	1
YLR089C	P52893	ALT1	66.42089	1	1000	2	2.90978448321896e-06	0.000736887865700791	2.91157273137303e-06	1.000001000001	1	4	0	1
YLR142W	P09368	PUT1	53.27087	2	1000	2	2.57599510891594e-07	2.5773829811469e-07	2.57633478172863e-07	1.000001000001	1	4	0	1
YLR438W	P07991	CAR2	46.08557	2	1000	2	4.44731919718507e-08	4.45209512920616e-08	4.44848807586346e-08	1.000001000001	1	4	0	1
YNL241C	P11412	ZWF1	57.5209	2	1000	2	1.59836262494112e-07	1.59882035900529e-07	1.59844811577689e-07	1.000001000001	1	5	0	1
YPL111W	P00812	CAR1	35.66162	2	1000	2	1.60351247577552e-05	1.604244924041e-05	1.6039339232734e-05	1.000001000001	1	4	0	1
YPL061W	P54115	ALD6	54.41344	2	11.704330743768	2	1.95448057252739e-05	1.95454719659212e-05	1.95453073652903e-05	1.000001000001	1	8	0	1
YNR016C	Q00955	ACC1	250.35091	2	11.1161445009404	2	1.17728695923098e-05	1.17729028941246e-05	1.17728695902124e-05	1.000001000001	1	7	0	1
YDL141W	P48445	BPL1	76.36203	2	11.1161445009404	2	8.54743952403458e-10	8.54744800967185e-10	8.54743952403457e-10	1.000001000001	1	10	0	1
YOR095C	Q12189	RKI1	28.25777	1	8.46033882767479	2	3.59520112002444e-06	0.00172883116550482	3.59538896254711e-06	1.000001000001	1	2	0	1
YPR035W	P32288	GLN1	41.7656	2	6.16525693795194	2	1.20984542488646e-06	1.21011502965926e-06	1.20994372260338e-06	1.000001000001	1	7	0	1
YKL029C	P36013	MAE1	74.37529	2	4.80900571646433	2	2.15301723329057e-07	2.15474676441548e-07	2.15417025403932e-07	1.000001000001	1	7	0	1
YKL069W	P36088	YKL069W	19.73402	1	4.73981637448849	2	3.68970568023962e-07	0.0024707942505949	3.69221387672005e-07	1.000001000001	1	5	0	1
YER023W	P32263	PRO3	30.13145	2	3.74272191667038	2	6.23842614973962e-09	6.24512523011072e-09	6.24006547752955e-09	1.000001000001	1	6	0	1
YMR267W	P28239	PPA2	35.57213	2	1.49942760654131	2	1.63535620540895e-06	1.63544534304551e-06	1.63541457537749e-06	1.000001000001	1	4	0	1
YCR012W	P00560	PGK1	44.73787	1	1.2437836657041	2	9.1808334357785e-07	0.00109062874389913	9.18096826011277e-07	1.00000100000126	1	4	0	1
YDR050C	P00942	TPI1	26.79508	1	1.15373295013273	2	2.64951472248236e-08	0.00181943996929627	2.64960234570597e-08	1.000001000001	1	2	0	1
YMR205C	P16862	PFK2	104.61673	2	1.14332640872836	2	3.58103779378529e-07	6.44020501661026e-07	6.44005441517884e-07	1.000001000001	1	9	0	1
YDL052C	P33333	SLC1	33.88654	0	0.116215174230787	0	0	1.57096728871133e-06	0	1.000001000001	1	28	0	1
YCL009C	P25605	ILV6	33.98652	0	0	0	0	4.01732057813949e-11	0	1.000001000001	1	8	0	1
YCL018W	P04173	LEU2	38.95257	0	0	0	0	1.01657447412182e-10	0	1.000001000001	1	5	0	1
YCR053W	P16120	THR4	57.47349	0	0	0	0	8.60654484663215e-13	0	1.000001000001	1	6	0	1
YDL066W	P21954	IDP1	48.18986	0	0	0	0	1.14958773630344e-10	0	1.000001000001	1	5	0	1
YDL131W	Q12122	LYS21	48.59372	0	0	0	0	4.1341329249375e-10	0	1.000001000001	1	6	0	1
YDR158W	P13663	HOM2	39.54334	0	0	0	0	1.85009086793901e-11	0	1.000001000001	1	6	0	1
YDR234W	P49367	LYS4	75.14989	0	0	0	0	0.000648721655598786	0	1.000001000001	1	6	0	1
YDR300C	P32264	PRO1	47.16164	0	0	0	0	2.31339200263522e-10	0	1.000001000001	1	4	0	1
YDR380W	Q06408	ARO10	71.38357	0	0	0	0	7.12810187727664e-12	0	1.000001000001	1	4	0	1
YER052C	P10869	HOM3	58.10913	0	0	0	0	1.54690214616422e-11	0	1.000001000001	1	4	0	1
YER069W	Q01217	ARG5,6	94.86823	0	0	0	0	9.12069147554878e-10	0	1.000001000001	1	9	0	1
YER152C	P10356	YER152C	49.48976	0	0	0	0	0.000985079065942706	0	1.000001000001	1	6	0	1
YGL009C	P07264	LEU1	85.79356	0	0	0	0	0.000568240124874132	0	1.000001000001	1	4	0	1
YHR018C	P04076	ARG4	51.9886	0	0	0	0	0.00093773186050315	0	1.000001000001	1	3	0	1
YHR025W	P17423	THR1	38.71215	0	0	0	0	8.60495269935471e-11	0	1.000001000001	1	5	0	1
YIL094C	P40495	LYS12	40.06854	0	0	0	0	1.50045020455057e-11	0	1.000001000001	1	6	0	1
YIR034C	P38998	LYS1	41.46445	0	0	0	0	1.35678626292651e-11	0	1.000001000001	1	7	0	1
YJL060W	P47039	BNA3	50.08168	0	0	0	0	0.000973436755263581	0	1.000001000001	1	10	0	1
YJL088W	P05150	ARG3	37.84479	0	0	0	0	1.02383290468819e-11	0	1.000001000001	1	5	0	1
YJR016C	P39522	ILV3	62.86049	0	0	0	0	1.95649631178225e-11	0	1.000001000001	1	5	0	1
YJR139C	P31116	HOM6	38.50163	0	0	0	0	1.55511898509215e-10	0	1.000001000001	1	7	0	1
YKL085W	P17505	MDH1	35.64959	0	0	0	0	0.00136751509014666	0	1.000001000001	1	5	0	1
YLR157C	P0CX77	ASP3-2	38.6862	0	0	0	0	1.49914449984937e-06	0	1.000001000001	1	5	0	1
YLR174W	P41939	IDP2	46.56172	0	0	0	0	0.00104702719096797	0	1.000001000001	1	5	0	1
YLR304C	P19414	ACO1	85.36736	0	0	0	0	0.000571077103381562	0	1.000001000001	1	8	0	1
YLR355C	P06168	ILV5	44.36792	0	0	0	0	4.99107209118612e-10	0	1.000001000001	1	7	0	1
YMR062C	Q04728	ARG7	47.84821	0	0	0	0	0.00101887568448502	0	1.000001000001	1	9	0	1
YMR108W	P07342	ILV2	74.93608	0	0	0	0	4.01732058158739e-11	0	1.000001000001	1	8	0	1
YNL104C	P06208	LEU4	68.40819	0	0	0	0	6.67148838225166e-11	0	1.000001000001	1	13	0	1
YNR001C	P00890	CIT1	53.35945	0	0	0	0	1.09344993268299e-10	0	1.000001000001	1	7	0	1
YNR050C	P38999	LYS9	48.91735	0	0	0	0	7.78216842087818e-13	0	1.000001000001	1	7	0	1
YOL058W	P22768	ARG1	46.92715	0	0	0	0	0.0010388722522906	0	1.000001000001	1	7	0	1
YOL140W	P18544	ARG8	46.68082	0	0	0	0	2.26545840541619e-09	0	1.000001000001	1	4	0	1
YOR323C	P54885	PRO2	49.73991	0	0	0	0	2.99884289620636e-11	0	1.000001000001	1	6	0	1
YPR001W	P43635	CIT3	53.81073	0	0	0	0	1.09344992871197e-10	0	1.000001000001	1	9	0	1
YJL200C	P39533	ACO2	86.58224	0	0	0	0	0.00056306455075159	0	1.000001000001	1	7	0	1
YDR148C	P19262	KGD2	50.43011	1	1000	2	1.19419472945737e-06	5.76290732495107e-06	1.19697359140428e-06	1.000001000001	0	11	1	2
YHR163W	P38858	SOL3	27.78417	2	1000	2	0	1.01173471325341e-05	1.01149911543097e-05	1.000001000001	0	5	3	2
YHR183W	P38720	GND1	53.54274	2	1000	2	0	2.77948960963927e-06	2.77884236319067e-06	1.000001000001	0	6	4	2
YOR142W	P53598	LSC1	35.03207	1	1000	2	8.25834029560688e-08	0.000595102902508174	8.27755730809159e-08	1.000001000001	0	8	2	2
YOR303W	P07258	CPA1	45.36103	2	16.3998310323058	2	2.52051225903859e-08	2.52083591876076e-08	2.52070677911066e-08	1.000001000001	0	9	5	2
YAL038W	P00549	CDC19	54.54404	2	2.82422131620692	2	0	1.694807911549e-06	1.69474131459843e-06	1.00000100000099	0	6	7	2
YGR254W	P00924	ENO1	46.81564	1	2.82422131620692	2	0	0.0010430582136542	1.70947610319711e-06	1.000001000001	0	5	8	2
YJL052W	P00360	TDH1	35.74956	1	1.2437836657041	2	0	0.00138068099642817	1.69911222372066e-05	1.000001000001	0	8	9	2
YFR053C	P04806	HXK1	53.73784	1	1.179984333962	2	0	3.7118917269174e-07	9.84749591087893e-10	1.000001000001	0	12	10	2
YFR055W	P43623	IRC7	36.97108	2	1.0435155049468	2	0	6.05357426081071e-06	6.04971550670396e-06	1.000001000001	0	6	11	2
YDR384C		ATO3	NaN	0	0.0631005910213749	0	NaN	NaN	NaN	1.000001000001	0	2	12	2
YGR121C		MEP1	NaN	0	0.0631005910213749	0	NaN	NaN	NaN	1.000001000001	0	2	12	2
YNL142W		MEP2	NaN	0	0.0631005910213749	0	NaN	NaN	NaN	1.000001000001	0	2	12	2
YPR138C		MEP3	NaN	0	0.0631005910213749	0	NaN	NaN	NaN	1.000001000001	0	2	12	2
YBR115C	P07702	LYS2	155.34394	0	0	0	0	6.11693398242882e-12	0	1.000001000001	0	8	14	2
YBR218C	P32327	PYC2	130.16549	0	0	0	0	1.28753900055934e-10	0	1.000001000001	0	8	15	2
YGL062W	P11154	PYC1	130.09827	0	0	0	0	1.28753900475352e-10	0	1.000001000001	0	8	15	2
YGL080W		MPC1	NaN	0	0	0	NaN	NaN	NaN	1.000001000001	0	4	16	2
YGL154C	P50113	LYS5	30.68281	0	0	0	0	6.11693399163219e-12	0	1.000001000001	0	8	14	2
YGR243W		MPC3	NaN	0	0	0	NaN	NaN	NaN	1.000001000001	0	4	16	2
YHR162W		MPC2	NaN	0	0	0	NaN	NaN	NaN	1.000001000001	0	4	16	2
YNL037C	P28834	IDH1	39.32357	0	0	0	0	1.28753900375021e-09	0	1.000001000001	0	5	17	2
YOR136W	P28241	IDH2	39.73903	0	0	0	0	1.28753900375021e-09	0	1.000001000001	0	5	17	2
YER070W	P21524	RNR1	99.56021	0	0.0328002690922401	0	0	1.27032292408363e-07	0	1.000001000001	0	24	13	3
YIL066C	P21672	RNR3	97.51369	0	0.0328002690922401	0	0	1.27032292409567e-07	0	1.000001000001	0	24	13	3
YJL026W	P09938	RNR2	46.14681	0	0.0328002690922401	0	0	1.27032292409123e-07	0	1.000001000001	0	24	13	3
