Row	s_4207	Growth		yield (u=0.05)	FC (0.05/0.1)
YBR196C	2.532675624	1	PGI1	1.335097253	2.975754727
YMR205C	2.113120822	1	PFK2	1.16463626	2.595819777
YKL060C	2.113120822	1	FBA1	1.16463626	2.595819777
YCR012W	2.073163543	1	PGK1	1.118854278	2.493777812
YJL052W	1.624567887	1	TDH1	0.912258911	2.033304135
YLR044C	1.497074399	1		0.827713563	1.844863766
YLR354C	1.464555009	1		0.80232401	1.78827382
YDR050C	1.222326983	1		0.671096881	1.495785952
YDL171C	1.0132547	1		0.533279217	1.188608655
YLR174W	1.003384311	1		0.532993197	1.187971154
YAR035W	1.003160875	1		0.531096678	1.183744065
YNL241C	1.002328833	1		0.545663991	1.216212674
YOL086C	1.001654192	1		0.532167197	1.18613011
YKL085W	1.000814933	1		0.530776404	1.183030217
YML042W	1.000654403	1		0.529777837	1.180804543
YLR348C	1.000434185	1		0.529923452	1.1811291
YER005W	1.000395072	1		0.531883823	1.185498507
YJR103W	1.00039455	1		0.531445947	1.18452254
YOR283W	1.000149333	1		0.529895102	1.181065912
YOR108W	1.000130467	1		0.529832557	1.180926508
YLR284C	1.000106148	1		0.529817163	1.180892195
YJR149W	1.000105834	1		0.531441624	1.184512904
YKR072C	1.000105834	1		0.529798831	1.180851337
YNR001C	1.000105419	1	CIT1	0.529817067	1.180891982
YLR153C	1.000081796	1		0.531444255	1.184518768
YAL038W	1.000026753	1		0.531446758	1.184524347
YGR254W	1.000014964	1		0.529829741	1.180920231
YDR403W	1.000010112	1		0.52979852	1.180850644
YKL188C	1.000009714	1		0.529821152	1.180901087
YPL147W	1.000009714	1		0.529821152	1.180901087
YJR019C	1.000009432	1		0.53188371	1.185498256
YBR036C	1.000008921	1		0.529798467	1.180850524
YBR058C-A	1.000008662	1		0.529816827	1.180891446
YGR227W	1.000006253	1		0.53023443	1.181822229
YER037W	1.000005938	1		0.529821044	1.180900846
YPL036W	1.000005938	1		0.529797971	1.18084942
YKL104C	1.000005938	1		0.529797914	1.180849293
YAL035W	1.000005938	1		0.529801284	1.180856805
YHR067W	1.000005938	1		0.529797913	1.180849289
YDR272W	1.000005938	1		0.532879172	1.187717008
YGL196W	1.000005938	1		0.529798008	1.180849502
YGR247W	1.000005938	1		0.529816827	1.180891446
YGR202C	1.000005061	1		0.529797938	1.180849347
YDL090C	1.000004747	1		0.529797923	1.180849312
YKL019W	1.000004747	1		0.529797923	1.180849312
YBR208C	1.000004747	1		0.529797913	1.180849289
YMR084W	1.000004747	1		0.529804762	1.180864555
YDL078C	1.000003505	1		0.52979786	1.180849171
YDR294C	1.000003505	1		0.530221859	1.18179421
YJL046W	1.000003505	1		0.529798467	1.180850524
YGL248W	1.000003505	1		0.529797915	1.180849294
YKR058W	1.000003505	1		0.529797913	1.180849289
YJR131W	1.000003505	1		0.529797913	1.18084929
YBR295W	1.000003505	1		0.529817462	1.180892862
YDR009W	1.000003505	1		0.529817462	1.180892862
YGL169W	1.000003505	1		0.529817462	1.180892862
YLR057W	1.000003505	1		0.530228578	1.181809186
YLR143W	1.000003505	1		0.529817462	1.180892862
YMR162C	1.000003505	1		0.529817462	1.180892862
YMR210W	1.000003505	1		0.529798469	1.180850529
YDR270W	1.000003505	1		0.529817462	1.180892862
YLR047C	1.000003505	1		0.529817882	1.180893799
YCL047C	1.000003505	1		0.531879528	1.185488935
YEL070W	1.000003505	1		0.529798778	1.180851219
YNR073C	1.000003505	1		0.529798778	1.180851219
YGL038C	1.000003505	1		0.529799153	1.180852054
YLR028C	1.000003505	1		0.529798033	1.180849557
YLR286C	1.000003505	1		0.529797913	1.180849289
YPL268W	1.000003505	1		0.529797923	1.180849311
YDR058C	1.000003505	1		0.529798467	1.180850524
YDL178W	1.000003505	1		0.530226744	1.181805098
YJL091C	1.000003505	1		0.531429481	1.184485838
YDR071C	1.000003505	1		0.529817118	1.180892096
YGR260W	1.000003505	1		0.531445873	1.184522375
YHR013C	1.000003458	1		0.529817117	1.180892093
YMR120C	1.000003321	1		0.529797903	1.180849268
YEL047C	1.00000319	1		0.531441979	1.184513694
YNR030W	1.00000319	1		0.530955042	1.183428377
YER081W	1.00000319	1		0.529798491	1.180850578
YPL110C	1.00000319	1		0.529816816	1.180891423
YCR098C	1.000002313	1		0.529797939	1.180849348
YER073W	1.000002266	1		0.529797923	1.180849311
YJL137C	1.0000016	1		0.529816589	1.180890916
YPL273W	1	1		0.529798897	1.180851484
YIR037W	1	1		0.529816827	1.180891446
YDR242W	1	1		0.529798033	1.180849557
YDR001C	1	1		0.530233595	1.181820367
YBR192W	1	1		0.529826634	1.180913306
YPL281C	1	1		0.529797858	1.180849167
YMR241W	1	1		0.530234	1.18182127
YJR057W	1	1		0.529797938	1.180849347
YDL219W	1	1		0.529816816	1.180891423
YLL057C	1	1		0.529817462	1.180892862
YJL045W	1	1		0.529797934	1.180849338
YBR018C	1	1		0.53144632	1.184523371
YGR286C	1	1		0.529797858	1.180849167
YFL017C	1	1		0.529797908	1.18084928
YER070W	1	1		0.529798467	1.180850524
YEL031W	1	1		0.529799111	1.18085196
YBL030C	1	1		0.529797914	1.180849293
YBR068C	1	1		0.529797914	1.180849293
YBR069C	1	1		0.529797914	1.180849293
YBR085W	1	1		0.529797914	1.180849293
YBR293W	1	1		0.529797914	1.180849293
YBR294W	1	1		0.529797914	1.180849293
YBR296C	1	1		0.529797914	1.180849293
YBR298C	1	1		0.529797914	1.180849293
YCL025C	1	1	AGP1 	0.529797914	1.180849293
YCL069W	1	1		0.529797914	1.180849293
YCR037C	1	1		0.529797914	1.180849293
YDL245C	1	1		0.529797914	1.180849293
YDL247W	1	1		0.529797914	1.180849293
YDR046C	1	1	BAP3	0.529797914	1.180849293
YDR342C	1	1		0.529797914	1.180849293
YDR343C	1	1		0.529797914	1.180849293
YDR345C	1	1		0.529797914	1.180849293
YDR384C	1	1		0.529797914	1.180849293
YDR497C	1	1		0.529797914	1.180849293
YDR508C	1	1	GNP1	0.529797914	1.180849293
YDR536W	1	1		0.529797914	1.180849293
YEL006W	1	1		0.529797914	1.180849293
YEL063C	1	1		0.529797914	1.180849293
YEL069C	1	1		0.529797914	1.180849293
YER053C	1	1		0.529797914	1.180849293
YER056C	1	1		0.529797914	1.180849293
YER060W	1	1		0.529797914	1.180849293
YER060W-A	1	1		0.529797914	1.180849293
YFL011W	1	1		0.529797914	1.180849293
YFL055W	1	1		0.529797914	1.180849293
YGL084C	1	1		0.529797914	1.180849293
YGR055W	1	1		0.529797914	1.180849293
YGR121C	1	1		0.529797914	1.180849293
YGR138C	1	1		0.529797914	1.180849293
YGR143W	1	1		0.529817117	1.180892093
YGR191W	1	1		0.529797914	1.180849293
YGR243W	1	1		0.529797914	1.180849293
YHL036W	1	1		0.529797914	1.180849293
YHR092C	1	1		0.529797914	1.180849293
YHR094C	1	1		0.529797914	1.180849293
YHR096C	1	1		0.529797914	1.180849293
YHR162W	1	1		0.529797914	1.180849293
YIL013C	1	1		0.529797914	1.180849293
YJL129C	1	1		0.529797914	1.180849293
YJL198W	1	1		0.529797914	1.180849293
YJL214W	1	1		0.529797914	1.180849293
YJL219W	1	1		0.529797914	1.180849293
YJR077C	1	1		0.529797914	1.180849293
YJR158W	1	1		0.529797914	1.180849293
YJR160C	1	1		0.529797914	1.180849293
YKL146W	1	1		0.529797914	1.180849293
YKR039W	1	1		0.529797914	1.180849293
YLL015W	1	1		0.529797914	1.180849293
YLL028W	1	1		0.529797914	1.180849293
YLL043W	1	1		0.529797914	1.180849293
YLL052C	1	1		0.529797914	1.180849293
YLR081W	1	1		0.529797914	1.180849293
YLR092W	1	1		0.529797914	1.180849293
YLR138W	1	1		0.529797914	1.180849293
YLR237W	1	1		0.529797914	1.180849293
YML123C	1	1		0.529797914	1.180849293
YMR011W	1	1		0.529797914	1.180849293
YMR056C	1	1		0.529797914	1.180849293
YMR088C	1	1		0.529797914	1.180849293
YNL101W	1	1		0.529797914	1.180849293
YNL142W	1	1		0.529797914	1.180849293
YNL268W	1	1		0.529797914	1.180849293
YNL270C	1	1		0.529797914	1.180849293
YNL318C	1	1		0.529797914	1.180849293
YNR013C	1	1		0.529797914	1.180849293
YNR072W	1	1		0.529797914	1.180849293
YOL020W	1	1		0.529797914	1.180849293
YOL103W	1	1		0.529797914	1.180849293
YOL156W	1	1		0.529797914	1.180849293
YOR011W	1	1		0.529797914	1.180849293
YOR071C	1	1		0.529797914	1.180849293
YOR192C	1	1		0.529797914	1.180849293
YOR222W	1	1		0.529797914	1.180849293
YOR273C	1	1		0.529797914	1.180849293
YOR348C	1	1		0.529797914	1.180849293
YPL134C	1	1		0.529797914	1.180849293
YPL189W	1	1		0.529797914	1.180849293
YPL265W	1	1		0.529797914	1.180849293
YPR138C	1	1		0.529797914	1.180849293
YPR156C	1	1		0.529797914	1.180849293
YPR159W	1	1		0.529797914	1.180849293
YPR192W	1	1		0.529797914	1.180849293
YAR069W-A	1	1		0.529797914	1.180849293
YHR214W-F	1	1		0.529797914	1.180849293
YOL092W	1	1		0.529797914	1.180849293
YBR241C	1	1		0.529797914	1.180849293
YGL104C	1	1		0.529797914	1.180849293
YDR387C	1	1		0.529797914	1.180849293
YFL054C	1	1		0.529797914	1.180849293
YDR105C	1	1		0.529797914	1.180849293
YDR456W	1	1		0.529797914	1.180849293
YBR147W	1	1		0.529797914	1.180849293
YDR352W	1	1		0.529797914	1.180849293
YOR316C	1	1		0.529797914	1.180849293
YOR226C	1	1		0.529797914	1.180849293
YPL135W	1	1		0.529797914	1.180849293
YOR334W	1	1		0.529797914	1.180849293
YPL060W	1	1		0.529797914	1.180849293
YMR323W	1	1		0.529801143	1.180856489
YMR054W	1	1		0.529798007	1.180849499
YML100W	1	1		0.529802008	1.180858417
YNR012W	1	1		0.529797913	1.18084929
YOR347C	1	1		0.529797913	1.180849289
YDR256C	1	1		0.530234376	1.181822108
YOR270C	1	1		0.529799166	1.180852082
YOR393W	1	1		0.529804718	1.180864457
YGR088W	1	1		0.529817462	1.180892862
YGR177C	1	1		0.529797858	1.180849167
YHR063C	1	1		0.529798831	1.180851337
YFR019W	1	1		0.529797914	1.180849293
YNL045W	1	1		0.530233595	1.181820367
YBR127C	1	1		0.529797858	1.180849167
YDL185W	1	1		0.529797858	1.180849167
YEL027W	1	1		0.529797858	1.180849167
YEL051W	1	1		0.529797858	1.180849167
YGR020C	1	1		0.529797858	1.180849167
YHR026W	1	1		0.529797858	1.180849167
YHR039C-A	1	1		0.529797858	1.180849167
YKL080W	1	1		0.529797858	1.180849167
YLR447C	1	1		0.529797858	1.180849167
YOR332W	1	1		0.529797858	1.180849167
YPL234C	1	1		0.529797858	1.180849167
YPR036W	1	1		0.529797858	1.180849167
YER141W	1	1		0.531157541	1.18387972
YPL258C	0.999999999	1		0.529797913	1.180849289
YPR002W	0.999999999	1		0.529797913	1.180849289
YOL055C	0.999999999	1		0.529797913	1.180849289
YER170W	0.999999718	1		0.531000387	1.183529445
YDR428C	0.999999686	1		0.529797913	1.180849289
YJR078W	0.999999686	1		0.529801487	1.180857257
YFR055W	0.999999686	1		0.529797908	1.18084928
YDR231C	0.999999686	1		0.529817117	1.180892093
YGR062C	0.999999686	1		0.529817117	1.180892093
YHR116W	0.999999686	1		0.529817117	1.180892093
YJL003W	0.999999686	1		0.529817117	1.180892093
YLL018C-A	0.999999686	1		0.529817117	1.180892093
YPL132W	0.999999686	1		0.529817117	1.180892093
YAL012W	0.999999686	1		0.531924592	1.185589375
YFR047C	0.999999686	1		0.529817127	1.180892116
YNL267W	0.999999686	1		0.529797913	1.180849289
YBR019C	0.999999686	1		0.529797913	1.180849289
YJR155W	0.999999686	1		0.52979786	1.180849171
YJL196C	0.999999686	1		0.529798798	1.180851262
YJL100W	0.999999686	1		0.531879776	1.185489488
YGL184C	0.999999686	1		0.531104086	1.183760577
YMR008C	0.999999686	1		0.529798014	1.180849516
YLR142W	0.999999686	1		0.529798467	1.180850524
YLR345W	0.999999686	1		0.529797914	1.180849293
YPL188W	0.999999686	1		0.529797978	1.180849434
YDR402C	0.999999686	1		0.529798344	1.180850251
YBR023C	0.999999686	1		0.529801143	1.180856489
YHR123W	0.999999686	1		0.529798	1.180849483
YGR248W	0.999999686	1		0.530233768	1.181820754
YDR036C	0.999999686	1		0.529801498	1.18085728
YGR192C	0.999999686	1	TDH3	0.531392176	1.18440269
YBR084W	0.999999686	1		0.529798412	1.180850402
YPR006C	0.999999686	1		0.529798467	1.180850524
YMR313C	0.999999686	1		0.529798526	1.180850656
YDR236C	0.999999686	1		0.531879947	1.185489868
YGR124W	0.999999686	1		0.529798897	1.180851484
YHR106W	0.999999686	1		0.529798467	1.180850524
YDL243C	0.999999686	1		0.52979786	1.180849171
YPL091W	0.999999686	1		0.52981776	1.180893526
YHL018W	0.999999686	1		0.529798032	1.180849556
YDR533C	0.999999686	1		0.530233582	1.18182034
YOL065C	0.999999686	1		0.529797908	1.18084928
YKR066C	0.999999686	1		0.529797913	1.180849289
YCR005C	0.999999686	1		0.529798467	1.180850524
YER015W	0.999999686	1		0.529797913	1.180849289
YKL140W	0.999999686	1		0.529799453	1.180852724
YPL280W	0.999999686	1		0.530233582	1.18182034
YEL058W	0.999999686	1		0.529832874	1.180927213
YDL052C	0.999999686	1		0.529817462	1.180892862
YLR328W	0.999999686	1		0.529798342	1.180850247
YEL066W	0.999999686	1		0.529797913	1.180849289
YKL184W	0.999999686	1		0.529817117	1.180892093
YBR218C	0.999999686	1		0.531879528	1.185488935
YBR003W	0.999999686	1		0.529797911	1.180849285
YGR012W	0.999999686	1		0.529797914	1.180849293
YJR010W	0.999999686	1		0.529817225	1.180892334
YLR017W	0.999999686	1		0.529798562	1.180850738
YOL052C	0.999999686	1		0.529797973	1.180849425
YLR303W	0.999999686	1		0.529797913	1.180849289
YHL032C	0.999999686	1		0.529797913	1.180849289
YCR034W	0.999999686	1		0.531879949	1.185489872
YPL148C	0.999999686	1		0.531917684	1.185573978
YBR006W	0.999999686	1		0.529797978	1.180849434
YGR019W	0.999999686	1		0.529798532	1.180850669
YMR145C	0.999999686	1		0.529817516	1.180892984
YIR036C	0.999999686	1		0.529802403	1.180859298
YER010C	0.999999686	1		0.529797976	1.18084943
YLR438W	0.999999686	1		0.529817129	1.18089212
YLR020C	0.999999686	1		0.529797939	1.180849348
YLL031C	0.999999686	1		0.531923015	1.18558586
YLR043C	0.999999686	1		0.529799153	1.180852054
YKR031C	0.999999686	1		0.52979853	1.180850665
YOR161C	0.999999686	1		0.531445968	1.184522585
YNL130C	0.999999686	1		0.529798406	1.180850389
YGR194C	0.999999686	1		0.529797858	1.180849167
YKL087C	0.999999686	1		0.531157563	1.18387977
YBR222C	0.999999686	1		0.529797978	1.180849434
YCR011C	0.999999686	1		0.529801664	1.18085765
YIL023C	0.999999686	1		0.529801664	1.18085765
YKL055C	0.999999686	1		0.529817117	1.180892093
YNR057C	0.999999686	1		0.529797913	1.180849289
YAL039C	0.999999686	1		0.529797858	1.180849167
YER061C	0.999999686	1		0.529817117	1.180892093
YNR056C	0.999999686	1		0.52979881	1.18085129
YGL224C	0.999999686	1		0.529797914	1.180849293
YBR020W	0.999999686	1		0.531441206	1.184511972
YDR481C	0.999999686	1		0.529798414	1.180850406
YMR207C	0.999999686	1		0.531467524	1.184570632
YDL015C	0.999999686	1		0.529817474	1.180892889
YFL059W	0.999999686	1		0.529797997	1.180849478
YLR377C	0.99999968	1		0.529798531	1.180850667
YMR087W	0.999999645	1		0.529799798	1.180853492
YMR293C	0.999999645	1		0.529817117	1.180892093
YGL006W	0.999999645	1		0.529797976	1.18084943
YCR024C	0.999999645	1		0.529817462	1.180892862
YHR091C	0.999999645	1		0.529817462	1.180892862
YPL104W	0.999999645	1		0.529817462	1.180892862
YER087W	0.999999645	1		0.529817462	1.180892862
YOR149C	0.999999639	1		0.529817117	1.180892093
YHL011C	0.999999639	1		0.529798467	1.180850524
YOL061W	0.999999639	1		0.529817118	1.180892096
YJL097W	0.999999639	1		0.529798054	1.180849605
YBR249C	0.999999635	1		0.529798733	1.180851117
YIL107C	0.999999583	1		0.529823022	1.180905255
YCR105W	0.999999583	1		0.529801153	1.180856513
YBR243C	0.999999581	1		0.529821044	1.180900846
YGL125W	0.999999028	1		0.529797781	1.180848996
YCL017C	0.999998807	1		0.529797913	1.180849289
YIL099W	0.999998762	1		0.529797945	1.180849361
YPR145W	0.999998748	1		0.529797826	1.180849097
YJR069C	0.999998739	1		0.531093232	1.183736385
YKR043C	0.999998706	1		0.530244462	1.181844588
YNL277W	0.999998706	1		0.529801153	1.180856513
YMR165C	0.999998706	1		0.531441611	1.184512876
YDR287W	0.999998468	1		0.529816671	1.180891099
YDR148C	0.999998391	1		0.531883877	1.185498628
YIL125W	0.999998391	1		0.531883877	1.185498628
YDR023W	0.999998391	1		0.529817117	1.180892093
YBR281C	0.999998391	1		0.529817117	1.180892093
YNL191W	0.999998391	1		0.529817117	1.180892093
YKL132C	0.999998391	1		0.529797914	1.180849293
YNL036W	0.999996995	1		0.529811721	1.180880065
YLR134W	0.999996164	1		0.529804694	1.180864405
YBL039C	0.999996141	1		0.529798467	1.180850524
YLR285W	0.999996141	1		0.529798469	1.180850529
YPL040C	0.999996141	1		0.529798515	1.180850632
YLR432W	0.999996141	1		0.530238272	1.181830792
YLR189C	0.999996141	1		0.529817462	1.180892862
YMR013C	0.999996141	1		0.529817462	1.180892862
YBR021W	0.999996141	1		0.529817127	1.180892116
YMR099C	0.999996141	1		0.529800843	1.18085582
YDR017C	0.999996141	1		0.529802335	1.180859147
YER175C	0.999996141	1		0.529798515	1.180850632
YLL062C	0.999996141	1		0.529797914	1.180849293
YOR081C	0.999996084	1		0.529797858	1.180849167
YGR032W	0.999996038	1		0.529805007	1.180865102
YBL091C	0.999996038	1		0.529797913	1.180849289
YMR202W	0.999996038	1		0.529798002	1.180849487
YDL168W	0.999996038	1		0.529817104	1.180892065
YPL244C	0.999996038	1		0.529797961	1.180849397
YIR027C	0.999996038	1		0.52979786	1.180849171
YLR099C	0.999996038	1		0.530222031	1.181794593
YBR176W	0.999996038	1		0.529799333	1.180852454
YPR139C	0.999996038	1		0.530222031	1.181794593
YKR076W	0.999996038	1		0.529823012	1.180905232
YIL006W	0.999996038	1		0.529797858	1.180849167
YKL094W	0.999996038	1		0.529798821	1.180851314
YBL098W	0.999996038	1		0.529797989	1.18084946
YJR025C	0.999996038	1		0.529798477	1.180850547
YGR110W	0.999996038	1		0.529797923	1.180849311
YFL030W	0.999996038	1		0.529797937	1.180849343
YDL215C	0.999996038	1		0.529801143	1.180856489
YOR120W	0.999996038	1		0.529817127	1.180892116
YOL033W	0.999996038	1		0.529798515	1.180850632
YML059C	0.999996038	1		0.529797913	1.180849289
YPL092W	0.999996038	1		0.529797913	1.18084929
YEL038W	0.999996038	1		0.529797914	1.180849293
YMR009W	0.999996038	1		0.529797914	1.180849293
YJR024C	0.999996038	1		0.529797914	1.180849293
YLR258W	0.999996005	1		0.529820706	1.180900092
YMR251W	0.999995826	1		0.529798006	1.180849498
YKL141W	0.999995826	1		0.529798467	1.180850524
YLL041C	0.999995826	1		0.529798467	1.180850524
YGL186C	0.999995826	1		0.529797913	1.180849289
YMR250W	0.999995826	1		0.529798528	1.18085066
YNL003C	0.999995826	1		0.529798821	1.180851314
YJL071W	0.999995826	1		0.529797913	1.180849289
YJL168C	0.999995826	1		0.529797914	1.180849293
YDL246C	0.999995825	1		0.52979786	1.180849171
YPL069C	0.99999578	1		0.529802358	1.180859199
YER042W	0.99999577	1		0.52979786	1.180849171
YNL117W	0.99999577	1		0.529798467	1.180850524
YAL054C	0.999995756	1		0.529797866	1.180849186
YBL015W	0.999995756	1		0.529826643	1.180913325
YNL331C	0.999995724	1		0.52979786	1.180849171
YDR208W	0.999995723	1		0.52980001	1.180853963
YPR128C	0.999995723	1		0.529798985	1.18085168
YCL040W	0.999995723	1		0.529798469	1.180850529
YNR008W	0.999995723	1		0.529797858	1.180849167
YGL205W	0.999995723	1		0.531884579	1.185500191
YBR001C	0.999995723	1		0.531429146	1.184485092
YCL035C	0.999995723	1		0.531103762	1.183759855
YIL124W	0.999995723	1		0.529797963	1.180849402
YHR216W	0.999995723	1		0.529797976	1.18084943
YDR135C	0.999995723	1		0.529798	1.180849483
YOR221C	0.999995723	1		0.531215711	1.184009373
YKL218C	0.999995723	1		0.529797884	1.180849224
YJL134W	0.999995723	1		0.529797913	1.180849289
YLR260W	0.999995723	1		0.529797913	1.180849289
YCR083W	0.999995723	1		0.529798436	1.180850456
YEL039C	0.999995723	1		0.530234012	1.181821298
YBR038W	0.999995723	1		0.529821366	1.180901564
YGL253W	0.999995723	1		0.529797978	1.180849434
YKL106W	0.999995723	1		0.529797914	1.180849293
YDR513W	0.999995723	1		0.529823013	1.180905236
YGL080W	0.999995723	1		0.529797913	1.180849289
YCR075C	0.999995723	1		0.529798515	1.180850632
YGR096W	0.999995723	1		0.529817117	1.180892093
YLL048C	0.999995723	1		0.529817462	1.180892862
YLL061W	0.999995723	1		0.529798515	1.180850632
YML070W	0.999995723	1		0.531484498	1.184608464
YLR109W	0.999995723	1		0.529797976	1.18084943
YNR041C	0.999995723	1		0.529797973	1.180849425
YDR040C	0.999995723	1		0.529797939	1.180849348
YGL065C	0.999995723	1		0.529801143	1.180856489
YFL060C	0.999995723	1		0.532359521	1.186558774
YNL202W	0.999995723	1		0.529827146	1.180914446
YOR109W	0.999995723	1		0.529797914	1.180849293
YDR441C	0.999995723	1		0.531095358	1.183741122
YLR164W	0.999995723	1		0.529798032	1.180849556
YOR180C	0.999995723	1		0.529827146	1.180914446
YPR026W	0.999995723	1		0.529798398	1.18085037
YDR305C	0.999995723	1		0.529798467	1.180850524
YJL005W	0.999995723	1		0.531441611	1.184512876
YLR342W	0.999995723	1		0.529798467	1.180850524
YDR453C	0.999995723	1		0.529797914	1.180849293
YKL217W	0.999995723	1		0.531880349	1.185490765
YGL077C	0.999995723	1		0.529797858	1.180849167
YOR245C	0.999995723	1		0.529797976	1.18084943
YIL160C	0.999995723	1		0.529797958	1.180849391
YBR145W	0.999995723	1	ADH5	0.530226547	1.181804658
YLR133W	0.999995723	1		0.531441611	1.184512876
YOL157C	0.999995723	1		0.529798821	1.180851314
YGL037C	0.999995723	1		0.529797939	1.180849348
YPL111W	0.999995723	1		0.52979786	1.180849171
YDL174C	0.999995723	1		0.529797913	1.180849289
YNL219C	0.999995723	1		0.529798438	1.18085046
YNL009W	0.999995723	1		0.529832875	1.180927217
YKR053C	0.999995723	1		0.529797908	1.18084928
YMR041C	0.999995723	1		0.529798467	1.180850524
YCL038C	0.999995723	1		0.529797923	1.180849311
YDR321W	0.999995723	1		0.529798039	1.18084957
YGR154C	0.999995723	1		0.529797913	1.18084929
YPR062W	0.999995723	1		0.529817248	1.180892386
YOR317W	0.999995723	1		0.529797914	1.180849293
YLR351C	0.999995723	1		0.529797978	1.180849434
YGR144W	0.999995723	1		0.530984182	1.183493327
YAL023C	0.999995723	1		0.530234378	1.181822113
YDL095W	0.999995723	1		0.530234378	1.181822113
YMR267W	0.999995723	1		0.529797858	1.180849167
YDR410C	0.999995723	1		0.529797914	1.180849293
YDR173C	0.999995723	1		0.529801153	1.180856513
YDR098C	0.999995723	1		0.529820699	1.180900078
YDR367W	0.999995723	1		0.529799007	1.180851728
YKL004W	0.999995723	1		0.529799007	1.180851728
YOR391C	0.999995723	1		0.530221494	1.181793396
YJL200C	0.999995723	1		0.529798041	1.180849574
YIR032C	0.999995723	1		0.529816827	1.180891446
YBR097W	0.999995723	1		0.530234376	1.181822108
YLR240W	0.999995723	1		0.530234376	1.181822108
YDR051C	0.999995723	1		0.529798032	1.180849556
YDL024C	0.999995723	1		0.529797986	1.180849453
YAL061W	0.999995723	1		0.530221926	1.181794359
YPL087W	0.999995723	1		0.52979786	1.180849171
YFR015C	0.999995723	1		0.529820699	1.180900078
YJR049C	0.999995723	1		0.529798467	1.180850524
YLR089C	0.999995723	1		0.529817449	1.180892833
YMR006C	0.999995723	1		0.529817117	1.180892093
YJR009C	0.999995723	1		0.529798467	1.180850524
YGR007W	0.999995723	1		0.529820399	1.180899408
YCR068W	0.999995723	1		0.529797913	1.180849289
YMR101C	0.999995723	1		0.530222564	1.18179578
YML022W	0.999995723	1		0.529799155	1.180852058
YPL023C	0.999995723	1		0.529797914	1.180849293
YDR039C	0.999995723	1		0.529797908	1.18084928
YER062C	0.999995723	1		0.529797914	1.180849293
YDR315C	0.999995723	1		0.529817117	1.180892093
YBR026C	0.999995723	1		0.529797913	1.180849289
YDR302W	0.999995723	1		0.529816816	1.180891423
YEL004W	0.999995723	1		0.529797913	1.180849289
YNL229C	0.999995723	1		0.529797913	1.180849289
YMR281W	0.999995723	1		0.529798469	1.180850529
YKL008C	0.999995723	1		0.529797978	1.180849435
YML004C	0.999995723	1		0.532879172	1.187717008
YER119C	0.999995723	1		0.531392594	1.184403622
YKR097W	0.999995723	1		0.529798414	1.180850406
YLR244C	0.999995723	1		0.53023904	1.181832504
YNL092W	0.999995723	1		0.53023819	1.18183061
YDR072C	0.999995723	1		0.529817094	1.180892042
YKR009C	0.999995723	1		0.531380368	1.184376372
YHR104W	0.999995723	1		0.529797913	1.180849289
YJL068C	0.999995723	1		0.52979786	1.180849171
YLL001W	0.999995723	1		0.531884147	1.18549923
YOR067C	0.999995723	1		0.531104114	1.18376064
YML086C	0.999995723	1		0.529797976	1.18084943
YDR284C	0.999995723	1		0.529798467	1.180850524
YMR298W	0.999995723	1		0.529797913	1.180849289
YKL103C	0.999995723	1		0.529801143	1.180856489
YER065C	0.999995723	1		0.529798065	1.180849629
YKL148C	0.999995723	1		0.529801653	1.180857627
YLR209C	0.999995723	1		0.529798831	1.180851337
YBR180W	0.999995723	1		0.529797913	1.180849289
YNL333W	0.999995723	1		0.531157707	1.183880091
YGL027C	0.999995723	1		0.529797913	1.180849289
YOL165C	0.999995723	1		0.52979786	1.180849171
YBR244W	0.999995723	1		0.529797858	1.180849167
YMR246W	0.999995723	1		0.529797913	1.18084929
YHL003C	0.999995723	1		0.529797913	1.180849289
YAL060W	0.999995723	1		0.529798467	1.180850524
YDL198C	0.999995723	1		0.529797913	1.18084929
YMR322C	0.999995723	1		0.530233582	1.18182034
YDR038C	0.999995723	1		0.52979786	1.180849171
YMR272C	0.999995723	1		0.529798023	1.180849535
YHR008C	0.999995723	1		0.529797974	1.180849425
YOL075C	0.999995723	1		0.529798006	1.180849498
YPL088W	0.999995723	1		0.52979786	1.180849171
YJL060W	0.999995723	1		0.529797913	1.180849289
YLR372W	0.999995723	1		0.529797947	1.180849365
YNR019W	0.999995723	1		0.529804663	1.180864335
YBR149W	0.999995723	1		0.53109564	1.183741752
YER019W	0.999995723	1		0.529797976	1.18084943
YOR285W	0.999995723	1		0.529799111	1.18085196
YLR410W	0.999995723	1		0.529826979	1.180914074
YHR119W	0.999995723	1		0.529800843	1.18085582
YOR241W	0.999995723	1		0.529817462	1.180892862
YDR226W	0.999995723	1		0.529797914	1.180849293
YDL066W	0.999995723	1		0.529817117	1.180892093
YGL017W	0.999995723	1		0.529799166	1.180852082
YGL063W	0.999995723	1		0.529801153	1.180856513
YBL011W	0.999995723	1		0.531884296	1.185499561
YLR056W	0.999995723	1		0.529798039	1.18084957
YFR053C	0.999995723	1		0.530931402	1.183375687
YIL134W	0.999995723	1		0.529797913	1.180849289
YCR010C	0.999995723	1	ADY2	0.529798469	1.180850529
YGR046W	0.999995723	1		0.529797929	1.180849326
YIL066C	0.999995723	1		0.529798467	1.180850524
YLR245C	0.999995723	1		0.529797913	1.180849289
YNL037C	0.999995723	1		0.529816827	1.180891446
YOR136W	0.999995723	1		0.529816827	1.180891446
YDL080C	0.999995723	1		0.529798006	1.180849498
YBR132C	0.999995723	1		0.529798008	1.180849502
YFL058W	0.999995723	1		0.531918521	1.185575845
YBR111C	0.999995723	1		0.529799111	1.18085196
YCL004W	0.999995723	1		0.529801143	1.180856489
YHR100C	0.999995723	1		0.529801143	1.180856489
YBL064C	0.999995723	1		0.52979852	1.180850644
YIL155C	0.999995723	1		0.529797914	1.180849293
YGR240C	0.999995723	1		0.530226839	1.18180531
YOL152W	0.999995723	1		0.53148069	1.184599977
YDL142C	0.999995723	1		0.531441771	1.184513231
YPL059W	0.999995723	1		0.529797913	1.180849289
YOL151W	0.999995723	1		0.531905182	1.185546113
YHR201C	0.999995723	1		0.530221509	1.181793429
YDR373W	0.999995723	1		0.529798467	1.180850524
YDR196C	0.999995723	1		0.531103796	1.18375993
YDR035W	0.999995723	1		0.531922051	1.185583712
YDL238C	0.999995723	1		0.531104533	1.183761572
YMR226C	0.999995723	1		0.529798071	1.180849643
YDL120W	0.999995723	1		0.530232556	1.181818052
YMR303C	0.999995723	1		0.530234363	1.18182208
YIL002C	0.999995723	1		0.529816827	1.180891446
YJR159W	0.999995723	1		0.529797914	1.180849293
YCR024C-A	0.999995723	1		0.532360118	1.186560104
YEL017C-A	0.999995723	1		0.532360118	1.186560104
YMR015C	0.999995723	1		0.529798039	1.180849571
YOR251C	0.999995723	1		0.529797976	1.18084943
YOR286W	0.999995723	1		0.529798467	1.180850524
YJR040W	0.999995723	1		0.531483674	1.184606627
YHR109W	0.999995723	1		0.52979852	1.180850644
YKL069W	0.999995723	1		0.529798008	1.180849502
YLR146C	0.999995723	1		0.529798821	1.180851314
YPR001W	0.999995723	1		0.532365075	1.186571155
YBL080C	0.999995723	1		0.529817462	1.180892862
YOR196C	0.999995723	1		0.529797974	1.180849425
YOR381W	0.999995723	1		0.53148069	1.184599977
YOR384W	0.999995723	1		0.53148069	1.184599977
YGR157W	0.999995723	1		0.531445984	1.184522621
YMR169C	0.999995723	1		0.531924834	1.185589914
YDL100C	0.999995723	1		0.53144203	1.184513808
YOR100C	0.999995723	1		0.529797913	1.180849289
YHR174W	0.999995723	1		0.530231435	1.181815554
YOR002W	0.999995723	1		0.531871943	1.185472028
YKL150W	0.999995723	1		0.529798985	1.18085168
YMR110C	0.999995723	1		0.529798045	1.180849585
YNL274C	0.999995723	1		0.529799143	1.180852031
YGL256W	0.999995723	1		0.53187957	1.185489028
YGR256W	0.999995723	1		0.529797913	1.180849289
YLR070C	0.999995723	1		0.529798393	1.18085036
YBR121C	0.999995723	1		0.531478995	1.184596199
YMR113W	0.999995723	1		0.529820644	1.180899955
YBR229C	0.999995723	1		0.529801143	1.180856489
YIR029W	0.999995723	1		0.529799221	1.180852205
YDL236W	0.999995723	1		0.529799443	1.1808527
YMR278W	0.999995723	1		0.529797913	1.180849289
YML125C	0.999995723	1		0.530233946	1.181821149
YIL053W	0.999995723	1		0.529797978	1.180849434
YGL008C	0.999995722	1		0.529816816	1.180891423
YCL009C	0.999995722	1		0.531867351	1.185461792
YPR121W	0.999995722	1		0.529797978	1.180849434
YPR184W	0.999995722	1		0.529797858	1.180849167
YDR020C	0.999995722	1		0.530264555	1.181889373
YIL074C	0.999995722	1		0.52979882	1.180851312
YDR452W	0.999995709	1		0.529800841	1.180855816
YMR105C	0.999995708	1		0.529816816	1.180891423
YML106W	0.999995575	1		0.529797958	1.180849391
YML056C	0.999995453	1		0.52979788	1.180849218
YDL022W	0.999995347	1		0.529797868	1.180849189
YMR261C	0.999995028	1		0.529801581	1.180857465
YGL062W	0.999994945	1		0.529798021	1.180849531
YCR048W	0.999994933	1		0.529817117	1.180892093
YBL068W	0.999994902	1		0.529799274	1.180852324
YOR209C	0.999994902	1		0.529798467	1.180850524
YIL043C	0.999994902	1		0.529797858	1.180849167
YMR020W	0.999994902	1		0.529797937	1.180849343
YPR140W	0.999994902	1		0.529797858	1.180849167
YLR231C	0.999994902	1		0.529797913	1.180849289
YJL212C	0.999994893	1		0.529817639	1.180893256
YKR080W	0.999994893	1		0.529797858	1.180849167
YJR130C	0.999994893	1		0.529797913	1.180849289
YMR243C	0.999994893	1		0.529797914	1.180849293
YGL225W	0.999994893	1		0.529817117	1.180892093
YBR092C	0.999994893	1		0.529798515	1.180850632
YDR502C	0.999994893	1		0.529797914	1.180849293
YDL210W	0.999994893	1		0.529817462	1.180892862
YDL040C	0.999994891	1		0.531437881	1.184504561
YGR147C	0.999994891	1		0.531437881	1.184504561
YIL162W	0.999994846	1		0.529797913	1.180849289
YOL059W	0.999994846	1		0.529817117	1.180892093
YJL101C	0.999994846	1		0.529799054	1.180851833
YOL049W	0.999994846	1		0.529799054	1.180851833
YCR107W	0.999994846	1		0.531103762	1.183759855
YBR161W	0.999994846	1		0.529801143	1.180856489
YDR531W	0.999994846	1		0.529799433	1.180852677
YIL083C	0.999994846	1		0.529799433	1.180852677
YNR027W	0.999994846	1		0.529797913	1.180849289
YDR437W	0.999994846	1		0.529797913	1.180849289
YGR216C	0.999994846	1		0.529797913	1.180849289
YNL038W	0.999994846	1		0.529797913	1.180849289
YPL096C-A	0.999994846	1		0.529797913	1.180849289
YPL175W	0.999994846	1		0.529797913	1.180849289
YIR031C	0.999994846	1		0.529817117	1.180892093
YEL041W	0.999994846	1		0.530240132	1.181834938
YBR035C	0.999994846	1		0.52979791	1.180849284
YIR028W	0.999994846	1		0.529824447	1.180908431
YJR152W	0.999994846	1		0.529824447	1.180908431
YDR204W	0.999994846	1		0.532364655	1.186570218
YGL119W	0.999994846	1		0.532364655	1.186570218
YGR255C	0.999994846	1		0.532364655	1.186570218
YPL274W	0.999994846	1		0.529817117	1.180892093
YER174C	0.999994846	1		0.529797976	1.18084943
YKL165C	0.999994846	1		0.529798812	1.180851295
YIL009W	0.999994846	1		0.530221924	1.181794355
YBR093C	0.999994846	1		0.529798515	1.180850632
YJL139C	0.999994846	1		0.529798515	1.180850632
YKR061W	0.999994846	1		0.529798515	1.180850632
YLR307W	0.999994846	1		0.529798515	1.180850632
YLR308W	0.999994846	1		0.529798515	1.180850632
YNL029C	0.999994846	1		0.529798515	1.180850632
YHR215W	0.999994846	1		0.529798515	1.180850632
YPR003C	0.999994846	1		0.531867432	1.185461975
YIR038C	0.999994846	1		0.529799166	1.180852082
YIL145C	0.999994846	1		0.529798831	1.180851337
YLR239C	0.999994846	1		0.529797976	1.18084943
YBR183W	0.999994846	1		0.530234701	1.181822833
YGR036C	0.999994846	1		0.529797914	1.180849293
YOR171C	0.999994846	1		0.529797913	1.180849289
YER024W	0.999994846	1		0.532363818	1.186568352
YDR530C	0.999994846	1		0.532359953	1.186559738
YJR110W	0.999994846	1		0.529817449	1.180892833
YDR297W	0.999994846	1		0.53022625	1.181803996
YBR046C	0.999994846	1		0.529801153	1.180856513
YML082W	0.999994846	1		0.529801363	1.180856981
YBL042C	0.999994846	1		0.529817117	1.180892093
YBR117C	0.999994846	1		0.529798469	1.180850529
YPL206C	0.999994846	1		0.529798467	1.180850524
YJR153W	0.999994846	1		0.529798515	1.180850632
YGR244C	0.999994846	1		0.529798398	1.18085037
YOR142W	0.999994846	1		0.529798398	1.18085037
YPL076W	0.999994846	1		0.529797913	1.180849289
YLL051C	0.999994846	1		0.529797978	1.180849434
YBR004C	0.999994846	1		0.529797976	1.18084943
YNL106C	0.999994846	1		0.529797913	1.180849289
YNL192W	0.999994846	1		0.529798105	1.180849718
YGR170W	0.999994846	1		0.530259826	1.181878832
YKL088W	0.999994846	1		0.529799088	1.180851909
YDR371W	0.999994846	1		0.529797908	1.18084928
YKL152C	0.999994846	1		0.529820411	1.180899435
YJR104C	0.999994846	1		0.529801405	1.180857074
YGR234W	0.999994846	1		0.529817117	1.180892093
YGL167C	0.999994846	1		0.529797976	1.18084943
YFR044C	0.999994846	1		0.529797913	1.180849289
YDL042C	0.999994846	1		0.529817462	1.180892862
YDR191W	0.999994846	1		0.529817462	1.180892862
YOL068C	0.999994846	1		0.529817462	1.180892862
YOR025W	0.999994846	1		0.529817462	1.180892862
YPL015C	0.999994846	1		0.529817462	1.180892862
YPR069C	0.999994846	1		0.529805204	1.180865541
YAR071W	0.999994846	1		0.529798515	1.180850632
YBR199W	0.999994846	1		0.529798515	1.180850632
YBR205W	0.999994846	1		0.529798515	1.180850632
YBR299W	0.999994846	1		0.529798515	1.180850632
YDR483W	0.999994846	1		0.529798515	1.180850632
YGR287C	0.999994846	1		0.529798515	1.180850632
YGR292W	0.999994846	1		0.529798515	1.180850632
YIL172C	0.999994846	1		0.529798515	1.180850632
YJL216C	0.999994846	1		0.529798515	1.180850632
YJL221C	0.999994846	1		0.529798515	1.180850632
YOR099W	0.999994846	1		0.529798515	1.180850632
YPL053C	0.999994846	1		0.529798515	1.180850632
YAL062W	0.999994846	1		0.529827218	1.180914608
YDR261C	0.999994846	1		0.529798515	1.180850632
YGR282C	0.999994846	1		0.529817127	1.180892116
YLR300W	0.999994846	1		0.529817127	1.180892116
YOR190W	0.999994846	1		0.529817127	1.180892116
YER163C	0.999994846	1		0.529797963	1.180849402
YMR318C	0.999994846	1		0.530222705	1.181796095
YPR127W	0.999994846	1		0.529798477	1.180850547
YKL212W	0.999994846	1		0.529817117	1.180892093
YDR538W	0.999994846	1		0.532364655	1.186570218
YDR539W	0.999994846	1		0.532364655	1.186570218
YOR126C	0.999994846	1		0.529798397	1.18085037
YKL035W	0.999994846	1		0.529801974	1.180858341
YGL067W	0.999994846	1		0.529817117	1.180892093
YOR054C	0.999994846	1		0.529826334	1.180912636
YPR118W	0.999994846	1		0.529797939	1.180849348
YBR041W	0.999994846	1		0.531446127	1.18452294
YGR065C	0.999994846	1		0.529817127	1.180892116
YPL057C	0.999994846	1		0.531441611	1.184512876
YER183C	0.999994845	1		0.529798776	1.180851214
YMR058W	0.999994633	1		0.529797913	1.180849289
YMR319C	0.999994633	1		0.529817463	1.180892865
YLL058W	0.999994624	1		0.529797728	1.180848878
YLL060C	0.999994588	1		0.529798821	1.180851314
YMR170C	0.999994579	1		0.529826911	1.180913924
YHR046C	0.999994532	1		0.529797976	1.18084943
YOR374W	0.999994532	1		0.529798571	1.180850756
YHR044C	0.999994532	1		0.529798469	1.180850529
YBR042C	0.999994532	1		0.529802335	1.180859147
YLR446W	0.999994532	1		0.529798412	1.180850402
YJR133W	0.999994532	1		0.5297999	1.180853719
YJR143C	0.999994532	1		0.531157722	1.183880125
YBR022W	0.999994532	1		0.531157563	1.18387977
YHR043C	0.999994532	1		0.529798469	1.180850529
YOR321W	0.999994532	1		0.531441611	1.184512876
YBR252W	0.999994532	1		0.530243364	1.181842142
YCL052C	0.999994532	1		0.530233595	1.181820367
YJR013W	0.999994532	1		0.530233595	1.181820367
YBR011C	0.999994532	1		0.529797858	1.180849167
YKL026C	0.999994532	1		0.529797913	1.180849289
YGR010W	0.999994532	1		0.529797923	1.180849311
YJR048W	0.999994532	1		0.530238821	1.181832015
YDL045C	0.999994532	1		0.529797971	1.18084942
YOR163W	0.999994532	1		0.531104127	1.183760668
YFL001W	0.999994532	1		0.529797913	1.180849289
YNR060W	0.999994532	1		0.52979786	1.180849171
YOR388C	0.999994532	1	FDH1	0.529797858	1.180849167
YFL053W	0.999994532	1		0.529797976	1.18084943
YBR159W	0.999994532	1		0.529826334	1.180912636
YMR301C	0.999994532	1		0.531467184	1.184569875
YDR399W	0.999994532	1		0.529798032	1.180849556
YNL292W	0.999994532	1		0.529798436	1.180850456
YMR083W	0.999994532	1		0.529798876	1.180851436
YKL192C	0.999994532	1		0.529797858	1.180849167
YGR043C	0.999994532	1		0.529821152	1.180901088
YDR147W	0.999994532	1		0.529797913	1.180849289
YHR074W	0.999994532	1		0.529798491	1.180850578
YNL256W	0.999994532	1		0.529797913	1.180849289
YDR248C	0.999994532	1		0.52979929	1.180852359
YLR386W	0.999994532	1		0.529797858	1.180849167
YNL325C	0.999994532	1		0.529797858	1.180849167
YNR058W	0.999994532	1		0.529798562	1.180850738
YML035C	0.999994532	1		0.531449282	1.184529973
YLR450W	0.999994519	1		0.529797992	1.180849466
YML075C	0.999994519	1		0.529820683	1.180900042
YER152C	0.999994518	1		0.529798504	1.180850607
YGR180C	0.999992604	1		0.52979852	1.180850644
YDR368W	0.999992289	1		0.529798397	1.18085037
YEL071W	0.999992289	1		0.529837969	1.18093857
YGR087C	0.999992289	1		0.529798103	1.180849714
YDL166C	0.999991262	1		0.529791812	1.180835693
YHR011W	0.999981013	1		0.52980226	1.180858979
YOR375C	0.999978853	1		0.52979094	1.180833749
YER099C	0.999977874	1		0.529795779	1.180844534
YDR516C	0.999968332	1		0.530229925	1.181812188
YHR144C	0.999967734	1		0.529795482	1.180843873
YAL044C	0.999965751	1		0.529789018	1.180829464
YDR019C	0.999965751	1		0.529789018	1.180829464
YMR189W	0.999965751	1		0.529789018	1.180829464
YGR171C	0.999965653	1		0.529817462	1.180892862
YGL156W	0.999965653	1		0.529798006	1.180849498
YOR040W	0.999965653	1		0.529817462	1.180892862
YBR110W	0.999965653	1		0.529817462	1.180892862
YLR172C	0.999965653	1		0.529817462	1.180892862
YCR028C	0.999965355	1		0.529798467	1.180850524
YOR360C	0.999965355	1		0.529798006	1.180849498
YOR143C	0.999965355	1		0.529817117	1.180892093
YBL013W	0.999965355	1		0.529798515	1.180850632
YBR034C	0.999965355	1		0.529798515	1.180850632
YHR068W	0.999965355	1		0.529817462	1.180892862
YKL194C	0.999965355	1		0.529817462	1.180892862
YKR069W	0.999965355	1		0.529798515	1.180850632
YPR160W	0.999965328	1		0.529797913	1.180849289
YOR155C	0.999965328	1		0.529817117	1.180892093
YNL334C	0.999965328	1		0.529797913	1.18084929
YPL252C	0.999965328	1		0.529798821	1.180851314
YCL064C	0.999965328	1		0.529799166	1.180852082
YEL029C	0.999965328	1		0.529797914	1.180849293
YPL212C	0.999965328	1		0.529799399	1.180852601
YOL011W	0.999965328	1		0.529801143	1.180856489
YAL022C	0.999965324	1		0.529798006	1.180849498
YNL129W	0.999965324	1		0.529798515	1.180850632
YDR380W	0.999965324	1		0.529817127	1.180892116
YDL103C	0.999965249	1		0.52979786	1.180849171
YKL220C	0.999965244	1		0.529797923	1.180849312
YLR214W	0.999965244	1		0.529800853	1.180855843
YGR277C	0.999965244	1		0.529798469	1.180850529
YEL042W	0.999965026	1		0.529798515	1.180850632
YBR235W	0.999965026	1		0.529797914	1.180849293
YGL022W	0.999965021	1		0.529797913	1.180849289
YDL182W	0.999965017	1		0.529817117	1.180892093
YJL026W	0.999965017	1		0.529801251	1.180856729
YHR037W	0.999965017	1		0.529822722	1.180904586
YOR377W	0.999965017	1		0.529797858	1.180849167
YNR067C	0.999965017	1		0.529797961	1.180849397
YDR440W	0.999965017	1		0.529797913	1.180849289
YBR070C	0.999964999	1		0.529797913	1.180849289
YGL047W	0.999964999	1		0.529797913	1.180849289
YNL048W	0.999964994	1		0.529798467	1.180850524
YKL127W	0.99996499	1		0.529799166	1.180852082
YMR289W	0.99996499	1		0.531924836	1.185589919
YNR033W	0.99996499	1		0.531924836	1.185589919
YOR311C	0.99996499	1		0.529797858	1.180849167
YBR204C	0.99996499	1		0.531173772	1.183915897
YLL012W	0.99996499	1		0.529826644	1.180913329
YDR111C	0.99996499	1	ALT2	0.529798067	1.180849634
YKR089C	0.99996499	1		0.529798397	1.18085037
YLR151C	0.99996499	1		0.529797913	1.180849289
YLR305C	0.99996499	1		0.532359859	1.186559527
YBR265W	0.99996499	1		0.531479317	1.184596917
YJL155C	0.99996499	1		0.529797913	1.180849289
YDR268W	0.99996499	1		0.529817462	1.180892862
YLR299W	0.99996499	1		0.529798515	1.180850632
YLR382C	0.99996499	1		0.529798515	1.180850632
YNL073W	0.99996499	1		0.529798515	1.180850632
YPL097W	0.99996499	1		0.529817462	1.180892862
YPR047W	0.99996499	1		0.529798515	1.180850632
YBR213W	0.99996499	1		0.529798515	1.180850632
YDR062W	0.99996499	1		0.531432791	1.184493217
YMR296C	0.99996499	1		0.531432791	1.184493217
YJR001W	0.99996499	1		0.529797921	1.180849307
YFL061W	0.99996499	1		0.529798414	1.180850406
YNL335W	0.99996499	1		0.529798414	1.180850406
YEL046C	0.99996499	1		0.529686679	1.180601365
YKL215C	0.99996499	1		0.529797964	1.180849403
YDR376W	0.99996499	1		0.530234105	1.181821503
YML008C	0.99996499	1		0.531429901	1.184486775
YLR155C	0.99996499	1		0.529797914	1.180849293
YLR157C	0.99996499	1		0.529797914	1.180849293
YLR158C	0.99996499	1		0.529797914	1.180849293
YLR160C	0.99996499	1		0.529797914	1.180849293
YLR011W	0.99996499	1		0.529820689	1.180900054
YHL016C	0.99996492	1		0.529817462	1.180892862
YIL010W	0.99996492	1		0.529798561	1.180850733
YHR128W	0.999964916	1		0.529817462	1.180892862
YJL126W	0.999964916	1		0.529797913	1.180849289
YLR201C	0.999964916	1		0.532364655	1.186570218
YML110C	0.999964916	1		0.532364655	1.186570218
YOL096C	0.999964916	1		0.532364655	1.186570218
YOR125C	0.999964916	1		0.532364655	1.186570218
YGL142C	0.999964916	1		0.529798625	1.180850878
YPL227C	0.999964916	1		0.529797913	1.180849289
YMR271C	0.999964916	1		0.529797858	1.180849167
YNL141W	0.999964916	1		0.531880509	1.18549112
YGR289C	0.999964916	1		0.529798821	1.180851314
YDR178W	0.999964916	1		0.529798766	1.180851191
YOL136C	0.999964916	1		0.529817794	1.180893602
YPL214C	0.999964889	1		0.52979853	1.180850665
YBR002C	0.999964889	1		0.53023279	1.181818573
YDR400W	0.999964881	1		0.529797858	1.180849167
YML054C	0.999964881	1		0.529798831	1.180851337
YGR267C	0.999964854	1		0.530233595	1.181820367
YCR036W	0.999964854	1		0.529826979	1.180914074
YJR095W	0.999964796	1		0.529790301	1.180832325
YLR027C	0.999964639	1		0.529818527	1.180895236
YBR263W	0.999961789	1		0.529788953	1.18082932
YDR503C	0.999958546	1		0.529798362	1.18085029
YMR306W	0.999945172	1		0.529793458	1.180839361
YJR051W	0.999931506	1		0.529744107	1.180729363
YDL085W	0.999911005	1	NDE2	0.529770391	1.180787948
YGR155W	0.99990879	1		0.529781338	1.180812346
YML120C	0.99990106	1		0.531857683	1.185440244
YER086W	0.999886468	1		0.530220516	1.181791217
YBR291C	0.99986975	1		0.529791704	1.180835452
YGR209C	0.999848578	1		0.52980282	1.180860227
YDR322C-A	0.999842739	1		0.529757522	1.180759263
YPR020W	0.999842739	1		0.529757522	1.180759263
YOL077W-A	0.999842739	1		0.529757522	1.180759263
Q0080	0.999842739	1		0.529757522	1.180759263
Q0085	0.999842739	1		0.529757522	1.180759263
Q0130	0.999842739	1		0.529757522	1.180759263
YBL099W	0.999842739	1		0.529757522	1.180759263
YBR039W	0.999842739	1		0.529757522	1.180759263
YDL004W	0.999842739	1		0.529757522	1.180759263
YDR298C	0.999842739	1		0.529757522	1.180759263
YDR377W	0.999842739	1		0.529757522	1.180759263
YJR121W	0.999842739	1		0.529757522	1.180759263
YKL016C	0.999842739	1		0.529757522	1.180759263
YLR295C	0.999842739	1		0.529757522	1.180759263
YML081C-A	0.999842739	1		0.529757522	1.180759263
YPL078C	0.999842739	1		0.529757522	1.180759263
YPL271W	0.999842739	1		0.529757522	1.180759263
YHL012W	0.999790711	1		0.529772845	1.180793417
YCL050C	0.9997729	1		0.529744149	1.180729457
YHR183W	0.99976162	1		0.529736206	1.180711753
YLR058C	0.999756492	1		0.530455792	1.182315614
YPR074C	0.999748689	1		0.52972799	1.18069344
YKL120W	0.99967451	1		0.529689582	1.180607836
YKL181W	0.999673036	1		0.529760403	1.180765685
YHR137W	0.999616678	1		0.529752688	1.180748489
YGL202W	0.999423159	1		0.529729006	1.180695707
YNL104C	0.999334444	1		0.529494791	1.180173672
YHR163W	0.999283045	1		0.530917956	1.183345718
YHR002W	0.999182055	1		0.529398623	1.179959326
YJR105W	0.998914071	1		0.529571925	1.180345593
YDR300C	0.998777889	1		0.530091664	1.181504023
YOR323C	0.998777889	1		0.530091664	1.181504023
YPL262W	0.998704135	1		0.529791138	1.18083419
YLR304C	0.997987689	1		0.52958763	1.180380597
YKL029C	0.997422714	1		0.529096146	1.179285145
YPL028W	0.996566436	1		0.528889769	1.178825157
YPR081C	0.99616268	1		0.529342052	1.179833236
YOL064C	0.994468524	1		0.528548298	1.178064064
YNL169C	0.994226987	1		0.529112617	1.179321856
YOL126C	0.99359385	1		0.528452531	1.177850611
YBR221C	0.992978435	1		0.527764583	1.176317268
YER178W	0.992978435	1		0.527764583	1.176317268
YGR193C	0.992978435	1		0.527764583	1.176317268
YNL071W	0.992978435	1		0.527764583	1.176317268
YPR021C	0.992962791	1		0.528680673	1.17835911
YFL018C	0.992943333	1		0.527754827	1.176295522
YGR208W	0.986358138	1		0.526179477	1.172784277
YOR184W	0.986353152	1		0.52785081	1.176509455
YPL061W	0.927533778	1		0.495536512	1.10448517
YOR175C	0.893624205	1		0.520192419	1.159439918
YJL121C	0.860747635	1		0.457008912	1.018612259
Q0105	0.672692376	1		0.343605925	0.76585204
YBL045C	0.672692376	1		0.343605925	0.76585204
YDR529C	0.672692376	1		0.343605925	0.76585204
YEL024W	0.672692376	1		0.343605925	0.76585204
YFR033C	0.672692376	1		0.343605925	0.76585204
YGR183C	0.672692376	1		0.343605925	0.76585204
YHR001W-A	0.672692376	1		0.343605925	0.76585204
YJL166W	0.672692376	1		0.343605925	0.76585204
YOR065W	0.672692376	1		0.343605925	0.76585204
YPR191W	0.672692376	1		0.343605925	0.76585204
Q0045	0.666551422	1		0.342040195	0.762362235
Q0250	0.666551422	1		0.342040195	0.762362235
Q0275	0.666551422	1		0.342040195	0.762362235
YDL067C	0.666551422	1		0.342040195	0.762362235
YGL187C	0.666551422	1		0.342040195	0.762362235
YGL191W	0.666551422	1		0.342040195	0.762362235
YHR051W	0.666551422	1		0.342040195	0.762362235
YIL111W	0.666551422	1		0.342040195	0.762362235
YLR038C	0.666551422	1		0.342040195	0.762362235
YLR395C	0.666551422	1		0.342040195	0.762362235
YMR256C	0.666551422	1		0.342040195	0.762362235
WT_yields	0.448658366	0.029098676		0	0
YAR015W	0	0		0	0
YBL033C	0	0		0	0
YBL076C	0	0		0	0
YBR029C	0	0		0	0
YBR115C	0	0		0	0
YBR126C	0	0		0	0
YBR153W	0	0		0	0
YBR166C	0	0		0	0
YBR248C	0	0		0	0
YBR256C	0	0		0	0
YCL018W	0	0		0	0
YCL030C	0	0		0	0
YCR053W	0	0		0	0
YDL055C	0	0		0	0
YDL093W	0	0		0	0
YDL131W	0	0		0	0
YDL141W	0	0		0	0
YDL205C	0	0		0	0
YDR007W	0	0		0	0
YDR037W	0	0		0	0
YDR044W	0	0		0	0
YDR047W	0	0		0	0
YDR074W	0	0		0	0
YDR127W	0	0		0	0
YDR158W	0	0		0	0
YDR232W	0	0		0	0
YDR234W	0	0		0	0
YDR341C	0	0		0	0
YDR353W	0	0		0	0
YDR354W	0	0		0	0
YDR408C	0	0		0	0
YDR454C	0	0		0	0
YDR487C	0	0		0	0
YEL021W	0	0		0	0
YER003C	0	0		0	0
YER014W	0	0		0	0
YER023W	0	0		0	0
YER026C	0	0		0	0
YER043C	0	0		0	0
YER052C	0	0		0	0
YER055C	0	0		0	0
YER069W	0	0		0	0
YER090W	0	0		0	0
YER091C	0	0		0	0
YFL022C	0	0		0	0
YFL045C	0	0		0	0
YFR025C	0	0		0	0
YFR030W	0	0		0	0
YGL001C	0	0		0	0
YGL009C	0	0		0	0
YGL012W	0	0		0	0
YGL026C	0	0		0	0
YGL040C	0	0		0	0
YGL055W	0	0		0	0
YGL148W	0	0		0	0
YGL154C	0	0		0	0
YGL234W	0	0		0	0
YGL245W	0	0		0	0
YGR060W	0	0		0	0
YGR061C	0	0		0	0
YGR094W	0	0		0	0
YGR175C	0	0		0	0
YGR185C	0	0		0	0
YGR204W	0	0		0	0
YGR264C	0	0		0	0
YHR007C	0	0		0	0
YHR018C	0	0		0	0
YHR019C	0	0		0	0
YHR020W	0	0		0	0
YHR025W	0	0		0	0
YHR042W	0	0		0	0
YHR072W	0	0		0	0
YHR190W	0	0		0	0
YHR208W	0	0		0	0
YIL020C	0	0		0	0
YIL078W	0	0		0	0
YIL094C	0	0		0	0
YIL116W	0	0		0	0
YIR034C	0	0		0	0
YJL088W	0	0		0	0
YJL130C	0	0		0	0
YJL153C	0	0		0	0
YJL167W	0	0		0	0
YJR016C	0	0		0	0
YJR073C	0	0		0	0
YJR109C	0	0		0	0
YJR137C	0	0		0	0
YJR139C	0	0		0	0
YJR148W	0	0		0	0
YKL001C	0	0		0	0
YKL024C	0	0		0	0
YKL067W	0	0		0	0
YKL182W	0	0		0	0
YKL211C	0	0		0	0
YKL216W	0	0		0	0
YKR067W	0	0		0	0
YLL018C	0	0		0	0
YLR060W	0	0		0	0
YLR100W	0	0		0	0
YLR180W	0	0		0	0
YLR355C	0	0		0	0
YLR359W	0	0		0	0
YLR420W	0	0		0	0
YML126C	0	0		0	0
YMR062C	0	0		0	0
YMR108W	0	0		0	0
YMR208W	0	0		0	0
YMR217W	0	0		0	0
YMR220W	0	0		0	0
YMR300C	0	0		0	0
YNL220W	0	0		0	0
YNL247W	0	0		0	0
YNL280C	0	0		0	0
YNL316C	0	0		0	0
YNR016C	0	0		0	0
YNR043W	0	0		0	0
YNR050C	0	0		0	0
YOL058W	0	0		0	0
YOL066C	0	0		0	0
YOL097C	0	0		0	0
YOL140W	0	0		0	0
YOL143C	0	0		0	0
YOR074C	0	0		0	0
YOR095C	0	0		0	0
YOR128C	0	0		0	0
YOR130C	0	0		0	0
YOR168W	0	0		0	0
YOR176W	0	0		0	0
YOR202W	0	0		0	0
YOR236W	0	0		0	0
YOR278W	0	0		0	0
YOR303W	0	0		0	0
YOR335C	0	0		0	0
YPL117C	0	0		0	0
YPL160W	0	0		0	0
YPL172C	0	0		0	0
YPL231W	0	0		0	0
YPR033C	0	0		0	0
YPR035W	0	0		0	0
YPR060C	0	0		0	0
YPR113W	0	0		0	0
YPR167C	0	0		0	0
YPR183W	0	0		0	0
MCRca	0	1		0	0
