Row	s_4207	Growth		mutant_yield (u=0.05)	FC (0.05/0.1)
Q0130	1.549512576	1	OLI1	0.846112353	1.88587223
YBR039W	1.423974585	1	ATP3	0.778102186	1.734286586
Q0085	1.392875945	1	ATP6	0.757590672	1.688569143
YPL078C	1.373489857	1	ATP4	0.744824975	1.660116096
YDR298C	1.314490435	1	ATP5	0.706277694	1.574199318
YKL016C	1.22862643	1	ATP7	0.651251587	1.451553423
YBL099W	1.132435022	1	ATP1	0.591207941	1.317724098
YNR016C	1.071567856	1	ACC1	0.550166705	1.226248627
MCRca	1.054640696	1		0.545530705	1.215915597
YDL004W	1.042066109	1	ATP16	0.537219728	1.197391531
YHR163W	1.034477649	1	SOL3	0.541072747	1.205979399
YGR248W	1.034455709	1		0.541064891	1.205961891
YHR183W	1.024408015	1	GND1	0.537003947	1.196910584
YGR256W	1.024401922	1		0.537001714	1.196905608
YJR121W	1.023663936	1		0.536250237	1.195230666
YOR375C	1.019918659	1		0.535333637	1.193187685
YAL062W	1.019918216	1		0.53533326	1.193186845
YOR095C	1.018066648	1		0.535114744	1.192699801
YBL045C	1.016935416	1		0.53475234	1.191892052
Q0105	1.01472642	1		0.534376646	1.191054678
YPR191W	1.013560216	1		0.534096821	1.190430985
YPL061W	1.013032832	1	ALD6	0.533623303	1.189375578
YPR074C	1.0128648	1	TKL1	0.533797039	1.189762812
YBR117C	1.012853727	1		0.533816804	1.189806866
YOR065W	1.011282505	1		0.53351099	1.189125247
YEL024W	1.007999354	1		0.532465894	1.186795865
Q0045	1.006520805	1		0.531755587	1.185212685
YFR033C	1.006070505	1		0.531824728	1.185366793
YKR067W	1.005556688	1		0.530483888	1.182378237
YBL011W	1.005246764	1		0.530422752	1.182241973
YDR529C	1.005187129	1		0.531529805	1.184709448
YFL018C	1.005079095	1		0.531835155	1.185390032
YNL071W	1.004962334	1		0.531751092	1.185202667
YDL085W	1.004803721	1		0.531394021	1.184406802
YMR145C	1.004799357	1		0.531392532	1.184403484
YER178W	1.004657549	1		0.531544119	1.184741352
YAL054C	1.004602765	1		0.531107046	1.183767173
YGR193C	1.004598112	1		0.53150701	1.18465864
YBR221C	1.004277244	1		0.531306521	1.184211778
YNL169C	1.004134446	1		0.530297023	1.18196174
YJL166W	1.003976248	1		0.531125679	1.183808704
YGR170W	1.003849017	1		0.53074536	1.182961025
YBR153W	1.003833558	1		0.530699503	1.182858815
Q0275	1.003514066	1		0.530837441	1.183166259
Q0250	1.00331181	1		0.530768244	1.18301203
YOR347C	1.003233103	1		0.529567488	1.180335704
YJL121C	1.003216101	1		0.530654079	1.18275757
YAL038W	1.003200103	1		0.529569204	1.180339527
YHR001W-A	1.003146696	1		0.530849756	1.183193709
YGR254W	1.002959069	1		0.530179697	1.181700236
YOR393W	1.002950422	1		0.52963297	1.180481654
YMR323W	1.00294264	1		0.529633169	1.180482099
YPL281C	1.002940659	1		0.52963297	1.180481654
YGR183C	1.002752205	1		0.530719036	1.182902352
YHR174W	1.002708243	1		0.529669106	1.180562196
YDL131W	1.002706127	1		0.530142234	1.181616736
YML126C	1.002590293	1		0.530133119	1.18159642
YNL280C	1.002538321	1		0.53010281	1.181528865
YGR175C	1.002356131	1		0.530080917	1.181480068
YER073W	1.002241985	1		0.531055193	1.183651601
YFL045C	1.002234682	1		0.530066547	1.181448041
YOR374W	1.002210161	1		0.531035858	1.183608505
YKL181W	1.002206186	1		0.532145352	1.186081421
YOL061W	1.002198061	1		0.531693214	1.185073664
YKL182W	1.002190697	1		0.530061042	1.18143577
YGL245W	1.002109713	1		0.5300705	1.181456849
YLR395C	1.002100778	1		0.53203728	1.185840541
YDR234W	1.002067393	1		0.530065512	1.181445732
YHR051W	1.002044366	1		0.530375838	1.182137409
YGL187C	1.002021495	1		0.53036866	1.18212141
YIL111W	1.001997976	1		0.530370515	1.182125543
YPL231W	1.001983064	1		0.530036086	1.181380146
YNL241C	1.001892327	1		0.531942115	1.185628432
YDL171C	1.001855881	1		0.529995756	1.181290256
YGL191W	1.001776787	1		0.531948286	1.185642186
YLR153C	1.001665302	1		0.530327994	1.182030771
YER099C	1.001639251	1		0.529993911	1.181286144
YHL011C	1.001630605	1		0.530012936	1.181328549
YBL068W	1.001629134	1		0.529993594	1.181285438
YMR205C	1.001605177	1		0.531056013	1.183653429
YCR012W	1.001596517	1		0.529736634	1.180712707
YGL148W	1.001491383	1		0.529977277	1.181249068
YGL055W	1.001414483	1		0.529968968	1.181230548
YOR184W	1.001294932	1		0.529819107	1.18089653
YGR264C	1.001282263	1		0.52997973	1.181254535
YLR355C	1.001213025	1		0.529962846	1.181216904
YLR038C	1.001166008	1		0.531768603	1.185241697
YGR240C	1.001132721	1		0.529476934	1.180133869
YMR306W	1.00103992	1		0.529923007	1.181128108
YGR032W	1.001008563	1		0.529922706	1.181127437
YJL200C	1.000928205	1	ACO2	0.529913075	1.18110597
YLR180W	1.000856323	1		0.529904436	1.181086717
YMR256C	1.00083576	1		0.530029457	1.181365371
YDL067C	1.000832039	1		0.530052528	1.181416793
YLR342W	1.000826405	1		0.529897463	1.181071174
YML120C	1.000767998	1		0.530053216	1.181418327
YER043C	1.000767791	1		0.529890854	1.181056444
YMR108W	1.000734501	1		0.529887582	1.18104915
YGL009C	1.000658979	1		0.529896466	1.181068951
YMR217W	1.000625984	1		0.529873976	1.181018823
YOL140W	1.000588674	1		0.52986792	1.181005326
YIL078W	1.000584894	1		0.529887596	1.181049181
YDR226W	1.000568087	1		0.529829084	1.180918766
YDL166C	1.000567631	1		0.531508572	1.184662122
YOR283W	1.000554192	1		0.529743418	1.180727828
YKL152C	1.000531648	1		0.529743459	1.18072792
YER069W	1.000482442	1		0.529875092	1.181021311
YJL167W	1.000476238	1		0.529855559	1.180977776
YLR295C	1.000473374	1		0.530018579	1.181341126
YPR145W	1.000466486	1		0.529853774	1.180973797
YGR124W	1.000466084	1		0.529853768	1.180973785
YBR218C	1.00046145	1		0.52969531	1.180620601
YGL062W	1.000457044	1		0.52969539	1.18062078
YER091C	1.000451316	1		0.531483503	1.184606247
YOL086C	1.000439442	1	ADH1	0.529516676	1.18022245
YBR196C	1.000411985	1		0.529431459	1.180032512
YEL039C	1.000395435	1		0.529777952	1.180804799
YDR513W	1.000395331	1		0.529817117	1.180892093
YKL026C	1.000394613	1		0.529817117	1.180892093
YOR168W	1.000366845	1		0.5298615	1.180991016
YBR145W	1.000351424	1	ADH5	0.529545699	1.180287139
YLR100W	1.000350852	1		0.529840491	1.180944191
YDR127W	1.00034866	1		0.529840252	1.180943658
YPR035W	1.000339469	1	GLN1	0.531760805	1.185224315
YLL018C	1.000336947	1		0.529867435	1.181004246
YER090W	1.000331157	1		0.529857333	1.18098173
YKL211C	1.00032834	1		0.529856991	1.180980966
YNL104C	1.000304899	1		0.529853208	1.180972536
YHR011W	1.000293359	1		0.529833077	1.180927666
YDR516C	1.000291994	1		0.529727388	1.1806921
YDR023W	1.000283822	1		0.529833025	1.18092755
YGR061C	1.000273229	1		0.529849832	1.18096501
YHR020W	1.000271144	1		0.52985005	1.180965497
YGL012W	1.000268981	1		0.529830317	1.180921515
YLR028C	1.000259217	1		0.529829926	1.180920643
YMR120C	1.000258805	1		0.529848574	1.180962206
YMR220W	1.000256343	1		0.52983275	1.180926937
YGL234W	1.000224698	1		0.531456693	1.184546491
YJR016C	1.000224251	1		0.52984425	1.18095257
YPR020W	1.000212854	1		0.529874673	1.181020377
YGL256W	1.00020434	1	ADH4	0.531451027	1.184533862
YDR322C-A	1.000178334	1		0.52986556	1.181000066
YFR053C	1.000177078	1	HXK1	0.53016383	1.18166487
YCL040W	1.000173905	1		0.531843693	1.185409063
YNR043W	1.000172511	1		0.529819669	1.18089778
YLR420W	1.000169034	1		0.529819069	1.180896444
YMR083W	1.000164818	1	ADH3	0.529846553	1.180957702
YPR081C	1.000156654	1		0.529835888	1.180933932
YDR377W	1.000155762	1		0.529867505	1.181004402
YLR359W	1.000155654	1		0.53146524	1.18456554
YCL018W	1.00015442	1		0.529835578	1.18093324
YBR256C	1.000151621	1		0.529820735	1.180900157
YLR304C	1.000150444	1	ACO1	0.5298161	1.180889828
YJL153C	1.000146809	1		0.529815922	1.18088943
YBR115C	1.000132577	1		0.529832548	1.180926488
YOL077W-A	1.000121947	1		0.529831467	1.180924078
YOL097C	1.000117227	1		0.529831605	1.180924384
YGR185C	1.000113884	1		0.529831242	1.180923577
YPL160W	1.000113636	1		0.53118172	1.183933613
YHR216W	1.000110016	1		0.52982986	1.180920496
YML081C-A	1.000107673	1		0.529846905	1.180958488
YNL220W	1.000107145	1		0.529811382	1.180879311
YLR432W	1.000106151	1		0.529811201	1.180878906
YHR190W	1.000098326	1		0.529810182	1.180876635
YLR058C	1.000095835	1		0.529944258	1.181175474
Q0080	1.000094262	1		0.52984305	1.180949895
YLR174W	1.000094229	1		0.53145778	1.184548913
YJR139C	1.000093258	1		0.531765588	1.185234976
YER055C	1.00009164	1		0.529828584	1.180917652
YHL012W	1.000080763	1		0.529836288	1.180934822
YPL271W	1.000078736	1		0.52984715	1.180959032
YIL094C	1.000077705	1		0.529808231	1.180872287
YBR263W	1.000077548	1		0.53200165	1.185761127
YDR300C	1.000077438	1		0.529826879	1.180913852
YHR042W	1.000077422	1		0.52980675	1.180868986
YHR019C	1.000075837	1		0.529826183	1.180912299
YDR341C	1.00007557	1		0.529806971	1.18086948
YGR094W	1.000075478	1		0.529826751	1.180913565
YBR018C	1.000073087	1		0.529806634	1.180868728
YML056C	1.000072221	1		0.529810649	1.180877676
YIR034C	1.000072146	1		0.529826252	1.180912454
YDL093W	1.000071353	1		0.529807055	1.180869667
YKL035W	1.000066032	1		0.529807568	1.180870811
YOL066C	1.000061044	1		0.529824888	1.180909413
YMR313C	1.000057955	1		0.529821018	1.180900789
YPR167C	1.000055938	1		0.529837413	1.180937331
YHR007C	1.000054605	1		0.529804928	1.180864926
YOR335C	1.000054455	1		0.529823208	1.180905669
YBR204C	1.000051563	1		0.529821025	1.180900805
YOL058W	1.000047772	1		0.529823443	1.180906194
YMR208W	1.000046969	1		0.529803608	1.180861984
YDR287W	1.000046858	1		0.529805539	1.180866288
YGL253W	1.000046678	1	HXK2	0.529743097	1.180727112
YHR046C	1.000046483	1		0.529823184	1.180905616
YPR113W	1.000045125	1		0.531162483	1.183890737
YHR025W	1.000044482	1		0.529780562	1.180810617
YLR450W	1.000043944	1		0.529822684	1.180904501
YML075C	1.000043629	1		0.5298322	1.180925712
YKL216W	1.000042582	1		0.529803584	1.180861931
YNR001C	1.000042307	1		0.531928331	1.185597708
YPR001W	1.000042286	1		0.52980419	1.180863281
YMR105C	1.000034394	1		0.52980264	1.180859827
YKL127W	1.000034393	1		0.52980264	1.180859827
YKL001C	1.000032396	1		0.529802814	1.180860214
YHR072W	1.000032376	1		0.529825129	1.180909952
YBL076C	1.000031416	1		0.529802179	1.180858799
YBR029C	1.000027445	1		0.529801667	1.180857658
YKL029C	1.000026465	1		0.529812218	1.180881173
YER003C	1.000025361	1		0.529829248	1.180919132
YDR408C	1.00002496	1		0.529801893	1.180858161
YKR089C	1.000024789	1		0.531384752	1.184386144
YOR081C	1.000023551	1		0.5298022	1.180858846
YPR183W	1.000023108	1		0.529820735	1.180900157
YBL039C	1.000022841	1		0.529803596	1.180861956
YJR103W	1.000022483	1		0.531431959	1.184491362
YJR105W	1.000021248	1		0.529800068	1.180854093
YOL064C	1.000020416	1		0.529800928	1.180856009
YMR271C	1.000019471	1		0.529800752	1.180855617
YBR166C	1.000018807	1		0.529819986	1.180898487
YMR261C	1.000018771	1		0.53139828	1.184416297
YMR062C	1.000018077	1		0.529806019	1.180867358
YLR043C	1.000017923	1		0.529801263	1.180856757
YDR037W	1.000017204	1		0.529804075	1.180863024
YCL030C	1.000016338	1		0.529800933	1.180856021
YML100W	1.000014774	1		0.529822884	1.180904947
YOR323C	1.000014672	1		0.529800155	1.180854288
YOR128C	1.000014519	1		0.529799648	1.180853158
YDR354W	1.000013994	1		0.529804395	1.180863737
YOR175C	1.000011902	1		0.52979949	1.180852805
YIL074C	1.000011891	1		0.53024097	1.181836806
YDR074W	1.000011159	1		0.529800437	1.180854916
YML082W	1.000010809	1		0.529798788	1.18085124
YER081W	1.000010597	1	SER3	0.531482985	1.184605091
YKL067W	1.000009878	1		0.529800185	1.180854355
YER052C	1.000009516	1	HOM3	0.529812278	1.180881308
YGR060W	1.000009438	1		0.529797974	1.180849427
YFR030W	1.000008612	1		0.529799077	1.180851885
YDL055C	1.000007763	1		0.529799457	1.180852731
YPR033C	1.000007757	1		0.5298189	1.180896067
YGR208W	1.000007657	1		0.529800169	1.180854319
YJR109C	1.00000733	1		0.529820811	1.180900326
YDR158W	1.000006693	1		0.53190358	1.185542544
YBR249C	1.000006568	1		0.52979974	1.180853361
YJR019C	1.000006487	1		0.529797888	1.180849233
YPR060C	1.000005858	1		0.529817743	1.180893489
YOL059W	1.000005825	1	GPD2	0.531467868	1.184571399
YDL066W	1.000005279	1		0.529823222	1.180905701
YDR035W	1.000005255	1		0.529831751	1.18092471
YAL060W	1.000005061	1		0.529798475	1.180850543
YDR007W	1.000004708	1		0.53023409	1.18182147
YCL064C	1.000004599	1		0.529828478	1.180917416
YMR300C	1.000004348	1		0.529822068	1.180903128
YAR015W	1.000004164	1		0.529798965	1.180851635
YEL021W	1.000004038	1		0.529817235	1.180892357
YJL088W	1.000003874	1		0.529799565	1.180852972
YHR018C	1.00000385	1		0.529817158	1.180892185
YBR126C	1.000003762	1		0.529798973	1.180851652
YGL125W	1.000003685	1		0.529818415	1.180894986
YPL023C	1.000003652	1		0.529802236	1.180858925
YOR176W	1.000003519	1		0.52979847	1.180850533
YBL033C	1.000003513	1		0.529798587	1.180850793
YHR144C	1.00000351	1		0.529797915	1.180849295
YER014W	1.000003506	1		0.529817117	1.180892093
YKL094W	1.000003505	1		0.529797913	1.180849289
YBR020W	1.000003505	1		0.52979786	1.180849171
YPL087W	1.000003505	1		0.530221857	1.181794206
YML054C	1.000003505	1		0.529798469	1.180850529
YDR403W	1.000003505	1		0.529797913	1.180849289
YNL277W	1.000003505	1		0.529797938	1.180849347
YOL052C	1.000003505	1		0.529797978	1.180849434
YJR110W	1.000003505	1		0.531429627	1.184486165
YDR072C	1.000003505	1		0.529817117	1.180892093
YBR058C-A	1.000003505	1		0.529798006	1.180849498
YEL029C	1.000003505	1		0.529801143	1.180856489
YLR201C	1.000003505	1		0.529817117	1.180892093
YOL065C	1.000003505	1		0.529798467	1.180850524
YLR303W	1.000003505	1		0.529817462	1.180892862
YDR284C	1.000003505	1		0.529797913	1.180849289
YBR035C	1.000003505	1		0.531392176	1.18440269
YJR025C	1.000003505	1		0.529817117	1.180892093
YLR372W	1.000003505	1		0.529817462	1.180892862
YJL101C	1.000003505	1	GSH1	0.529817117	1.180892093
YDR533C	1.000003505	1		0.529797982	1.180849444
YPL110C	1.000003505	1		0.529820644	1.180899955
YDL174C	1.000003505	1		0.529704284	1.180640603
YGR255C	1.000003505	1		0.529817117	1.180892093
YLR305C	1.000003505	1		0.529817117	1.180892093
YNL009W	1.000003505	1		0.529817117	1.180892093
YDR038C	1.000003505	1		0.529798587	1.180850792
YHR067W	1.000003505	1		0.529804859	1.180864773
YOL096C	1.000003505	1		0.529801153	1.180856513
YER015W	1.000003505	1		0.531054578	1.18365023
YMR250W	1.000003505	1		0.529797982	1.180849444
YMR241W	1.000003505	1		0.529797914	1.180849293
YPL265W	1.000003505	1		0.529797921	1.180849307
YJL196C	1.000003505	1		0.529820344	1.180899286
YJL003W	1.000003505	1		0.529817117	1.180892093
YBL030C	1.000003505	1		0.529798032	1.180849556
YBR085W	1.000003505	1		0.529798032	1.180849556
YLR240W	1.000003505	1		0.529817117	1.180892093
YMR056C	1.000003505	1		0.529798032	1.180849556
YGL224C	1.000003505	1		0.529817462	1.180892862
YLR020C	1.000003505	1		0.529823012	1.180905232
YDR428C	1.000003505	1		0.530226613	1.181804806
YJL097W	1.000003505	1		0.529798007	1.180849499
YMR084W	1.000003505	1		0.529798469	1.180850529
YIL066C	1.000003505	1		0.529797939	1.180849348
YEL071W	1.000003505	1		0.529703832	1.180639596
YDR208W	1.000003505	1		0.529817127	1.180892116
YDR380W	1.000003505	1		0.529817117	1.180892093
YMR170C	1.000003505	1		0.52979791	1.180849284
YEL041W	1.000003505	1		0.529797913	1.180849289
YNL202W	1.000003505	1		0.529817117	1.180892093
YNL334C	1.000003505	1		0.529798493	1.180850583
YGR062C	1.000003505	1		0.529798032	1.180849556
YDR148C	1.000003505	1		0.529797858	1.180849167
YJL071W	1.000003505	1		0.529817117	1.180892093
YLL012W	1.000003505	1		0.529817117	1.180892093
YDR256C	1.000003505	1		0.529797884	1.180849224
YDR399W	1.000003505	1		0.529798467	1.180850524
YKL120W	1.000003505	1		0.52979853	1.180850665
YPL111W	1.000003505	1		0.529817472	1.180892885
YKR031C	1.000003505	1		0.529817117	1.180892093
YNL037C	1.000003505	1	IDH1	0.529817117	1.180892093
YDR305C	1.000003505	1		0.529817117	1.180892093
YER053C	1.000003505	1		0.529798462	1.180850514
YJR077C	1.000003505	1		0.529798462	1.180850514
YBR069C	1.000003505	1		0.531441558	1.184512757
YDR040C	1.000003505	1		0.529817117	1.180892093
YLL062C	1.000003505	1		0.53109922	1.183749732
YGR277C	1.000003505	1		0.529817117	1.180892093
YDR353W	1.000003176	1		0.529799816	1.180853532
YJR073C	1.000003134	1		0.52982153	1.180901929
YLL058W	1.000003089	1		0.531885582	1.185502428
YJR137C	1.000002895	1		0.529799324	1.180852435
YIL020C	1.000002308	1		0.529818005	1.180894072
YER086W	1.000002279	1		0.531434757	1.184497598
YJR130C	1.000002096	1		0.5298176	1.18089317
YLR060W	1.000001811	1		0.529798129	1.180849772
YNL247W	1.000001685	1		0.529818274	1.180894671
YNR050C	1.000000896	1		0.529821273	1.180901356
YGL202W	1.000000749	1		0.529827235	1.180914644
YLR258W	1.0000006	1		0.529799155	1.180852058
YFR015C	1.000000598	1		0.5297986	1.180850822
YDR044W	1.000000215	1		0.529817143	1.18089215
YDR232W	1.00000007	1		0.529797921	1.180849308
YBL015W	1.000000006	1		0.529798822	1.180851315
YPR069C	1	1		0.529817303	1.180892508
YLR138W	1	1		0.529797914	1.180849293
YDR456W	1	1		0.529797914	1.180849293
YKL217W	1	1		0.530234336	1.181822019
YDL178W	1	1		0.52970375	1.180639413
YDR272W	1	1		0.529734014	1.180706868
YLR209C	1	1		0.529824559	1.18090868
YGR147C	1	1		0.529817462	1.180892862
YCL038C	1	1		0.529797913	1.180849289
YBR294W	1	1		0.529816816	1.180891423
YLR092W	1	1		0.529816816	1.180891423
YJR095W	1	1		0.529821311	1.180901441
YOR130C	1	1		0.529797914	1.180849293
YKR039W	1	1		0.529798469	1.180850529
YBR132C	1	1		0.529817117	1.180892093
YLR133W	1	1		0.529817117	1.180892093
YJL129C	1	1		0.529797914	1.180849293
YMR202W	1	1		0.529798467	1.180850524
YML008C	1	1		0.529798493	1.180850582
YFL058W	1	1		0.529797915	1.180849294
YDL185W	1	1		0.529798469	1.180850529
YBR208C	1	1		0.529798469	1.180850529
YGR191W	1	1		0.529800853	1.180855843
YBR241C	1	1		0.52979786	1.180849171
YGL104C	1	1		0.52979786	1.180849171
YGL037C	1	1		0.529797913	1.180849289
YLR244C	1	1		0.529826634	1.180913306
YBL013W	1	1		0.529797914	1.180849293
YBL042C	1	1		0.529798414	1.180850406
YBL064C	1	1		0.529817117	1.180892093
YBR004C	1	1		0.529797914	1.180849293
YBR021W	1	1		0.529797913	1.18084929
YBR026C	1	1		0.529817129	1.180892119
YBR034C	1	1		0.529797914	1.180849293
YBR110W	1	1		0.529797914	1.180849293
YBR149W	1	1		0.529797914	1.180849293
YBR180W	1	1		0.529798469	1.180850529
YBR213W	1	1		0.529797914	1.180849293
YBR298C	1	1		0.529817117	1.180892093
YCL052C	1	1		0.529797984	1.180849448
YCL069W	1	1		0.529798467	1.180850524
YCR024C	1	1		0.529797914	1.180849293
YCR075C	1	1		0.529798467	1.180850524
YCR083W	1	1		0.529817117	1.180892093
YDL045C	1	1		0.529799057	1.18085184
YDL090C	1	1		0.529817117	1.180892093
YDL182W	1	1		0.529797914	1.180849293
YDR058C	1	1		0.529797914	1.180849293
YDR261C	1	1		0.529798469	1.180850529
YDR268W	1	1		0.529797914	1.180849293
YDR294C	1	1		0.529797914	1.180849293
YEL042W	1	1		0.529797914	1.180849293
YER061C	1	1		0.529798469	1.180850529
YER175C	1	1		0.529797914	1.180849293
YGL142C	1	1		0.529817628	1.180893233
YGL225W	1	1		0.529817129	1.180892119
YGR007W	1	1		0.529817462	1.180892862
YGR065C	1	1		0.529817117	1.180892093
YGR096W	1	1		0.529797914	1.180849293
YGR171C	1	1		0.529797914	1.180849293
YGR260W	1	1		0.52979786	1.180849171
YGR282C	1	1		0.529817117	1.180892093
YHR068W	1	1		0.529797914	1.180849293
YHR091C	1	1		0.529797914	1.180849293
YHR106W	1	1		0.529797984	1.180849448
YIL010W	1	1		0.529797914	1.180849293
YIL134W	1	1		0.529798414	1.180850406
YJR013W	1	1		0.529798469	1.180850529
YJR159W	1	1		0.529817117	1.180892093
YKL019W	1	1		0.529817117	1.180892093
YKL055C	1	1		0.529798469	1.180850529
YKL194C	1	1		0.529797914	1.180849293
YKR066C	1	1		0.529797914	1.180849293
YKR069W	1	1		0.529797914	1.180849293
YLL048C	1	1		0.529797914	1.180849293
YLL057C	1	1		0.529797914	1.180849293
YLL061W	1	1		0.529797914	1.180849293
YLR070C	1	1		0.529797914	1.180849293
YLR172C	1	1		0.529797914	1.180849293
YLR189C	1	1		0.529797914	1.180849293
YLR285W	1	1		0.529797914	1.180849293
YLR299W	1	1		0.529797914	1.180849293
YLR300W	1	1		0.529816827	1.180891446
YLR308W	1	1		0.529797914	1.180849293
YLR382C	1	1		0.529797914	1.180849293
YMR006C	1	1		0.529817117	1.180892093
YMR013C	1	1		0.529797914	1.180849293
YMR088C	1	1		0.529798467	1.180850524
YMR207C	1	1		0.529798469	1.180850529
YMR293C	1	1		0.529798469	1.180850529
YNL073W	1	1		0.529797914	1.180849293
YNL129W	1	1		0.529797914	1.180849293
YNR056C	1	1		0.529797914	1.180849293
YOL033W	1	1		0.529797914	1.180849293
YOR040W	1	1		0.529797914	1.180849293
YOR143C	1	1		0.529798469	1.180850529
YOR190W	1	1		0.529816827	1.180891446
YPL040C	1	1		0.529797914	1.180849293
YPL059W	1	1		0.529797914	1.180849293
YPL097W	1	1		0.529797914	1.180849293
YPL104W	1	1		0.529797914	1.180849293
YPL244C	1	1		0.529797914	1.180849293
YPR006C	1	1		0.529797914	1.180849293
YPR047W	1	1		0.529797914	1.180849293
YDR071C	1	1		0.529797914	1.180849293
YOL092W	1	1		0.529798467	1.180850524
YAL039C	1	1		0.529801143	1.180856489
YKL087C	1	1		0.529817117	1.180892093
YBL080C	1	1		0.529797914	1.180849293
YBR111C	1	1		0.529817117	1.180892093
YBR147W	1	1		0.529797914	1.180849293
YDR352W	1	1		0.529797914	1.180849293
YBR295W	1	1		0.529797914	1.180849293
YEL031W	1	1		0.529798562	1.180850738
YER087W	1	1		0.529797914	1.180849293
YIL023C	1	1		0.529797914	1.180849293
YMR243C	1	1		0.529797914	1.180849293
YOR316C	1	1		0.529797914	1.180849293
YIR038C	1	1		0.529817117	1.180892093
YKR076W	1	1		0.529797914	1.180849293
YLL060C	1	1		0.529817117	1.180892093
YKL218C	1	1		0.529817117	1.180892093
YGR154C	1	1		0.529797914	1.180849293
YDL219W	1	1		0.529817117	1.180892093
YDR009W	1	1		0.529797914	1.180849293
YOL075C	1	1		0.529817117	1.180892093
YDR437W	1	1		0.529798469	1.180850529
YGR216C	1	1		0.529797914	1.180849293
YNL038W	1	1		0.529798469	1.180850529
YPL076W	1	1		0.529798469	1.180850529
YPL096C-A	1	1		0.529797914	1.180849293
YPL175W	1	1		0.529798469	1.180850529
YGL156W	1	1		0.529797914	1.180849293
YGL169W	1	1		0.529797914	1.180849293
YGR036C	1	1		0.529797914	1.180849293
YGR046W	1	1		0.529798562	1.180850738
YGR144W	1	1		0.529800853	1.180855843
YGR227W	1	1		0.529817117	1.180892093
YGR234W	1	1		0.529797914	1.180849293
YJL046W	1	1		0.529797914	1.180849293
YLL051C	1	1		0.529797914	1.180849293
YLR143W	1	1		0.529797914	1.180849293
YMR162C	1	1		0.529797914	1.180849293
YMR210W	1	1		0.529797914	1.180849293
YNL274C	1	1		0.529797984	1.180849448
YOR067C	1	1		0.529798469	1.180850529
YOR226C	1	1		0.529797914	1.180849293
YPL135W	1	1		0.529797914	1.180849293
YOR334W	1	1		0.529797914	1.180849293
YPL060W	1	1		0.529797914	1.180849293
YPR003C	1	1		0.529816827	1.180891446
YDR270W	1	1		0.529797914	1.180849293
YEL004W	1	1		0.529797914	1.180849293
YKL212W	1	1		0.529817472	1.180892885
YIL162W	1	1		0.529797914	1.180849293
YBR293W	1	1		0.529797913	1.180849289
YKL080W	1	1		0.529797913	1.180849289
YNL256W	1	1		0.529817117	1.180892093
YDL198C	1	1		0.529797913	1.180849289
YPR021C	1	1		0.529797976	1.18084943
YNL268W	1	1		0.529797914	1.180849293
YLR057W	1	1		0.531104127	1.183760668
YOR136W	1	1		0.529797913	1.180849289
YGL196W	1	1		0.531429211	1.184485238
YGR143W	1	1		0.529798469	1.180850529
YPR159W	1	1		0.529798469	1.180850529
YFL061W	1	1		0.529817117	1.180892093
YNL335W	1	1		0.529798491	1.180850577
YLL043W	1	1		0.529798477	1.180850547
YFL054C	1	1		0.529798477	1.180850547
YGL065C	1	1		0.529817117	1.180892093
YPR184W	1	1		0.529817117	1.180892093
YEL070W	1	1		0.529817117	1.180892093
YNR073C	1	1		0.529817628	1.180893233
YGR138C	1	1		0.529797913	1.180849289
YLL028W	1	1		0.529817117	1.180892093
YOR273C	1	1		0.529817117	1.180892093
YKL148C	1	1		0.529798032	1.180849556
YMR009W	1	1		0.529817117	1.180892093
YDR111C	1	1		0.529798397	1.18085037
YPR128C	1	1		0.529798824	1.180851321
YIL013C	1	1		0.529797961	1.180849397
YOR011W	1	1		0.529797961	1.180849397
YER070W	1	1		0.529798469	1.180850529
YBR127C	1	1		0.529798831	1.180851337
YBR235W	1	1		0.529797914	1.180849293
YDR538W	0.999999953	1		0.529817117	1.180892093
YDR047W	0.999999866	1		0.52979796	1.180849395
YKL104C	0.999999686	1		0.529798469	1.180850529
YFL060C	0.999999645	1		0.529817117	1.180892093
YBR176W	0.999999645	1		0.529798467	1.180850524
YGR247W	0.999999645	1		0.529800853	1.180855843
YDR481C	0.999999645	1		0.529798493	1.180850582
YDR531W	0.999999645	1		0.529817117	1.180892093
YDR098C	0.999999645	1		0.529798467	1.180850524
YOR054C	0.999999645	1		0.529798821	1.180851314
YFL059W	0.999999645	1		0.529820699	1.180900078
YCR005C	0.999999645	1		0.529798039	1.18084957
YNR033W	0.999999645	1		0.529801143	1.180856489
YMR322C	0.999999645	1		0.529797913	1.180849289
YBR002C	0.999999645	1		0.529798515	1.180850632
YCR098C	0.99999964	1		0.529797914	1.180849293
YBR248C	0.999998446	1		0.529798892	1.180851471
YHR137W	0.999998433	1		0.529817485	1.180892914
YGR157W	0.999998172	1		0.529801396	1.180857054
YJL137C	0.999998047	1		0.529817844	1.180893714
YKR058W	0.999997952	1		0.529798284	1.180850117
YGR155W	0.999997806	1		0.529817711	1.180893416
YMR189W	0.999997241	1		0.529798313	1.180850182
YDL141W	0.999997207	1		0.529799517	1.180852866
YDL022W	0.999997184	1		0.531079468	1.183705707
YER023W	0.999997006	1		0.529798572	1.180850759
YPL028W	0.999996634	1		0.529798022	1.180849532
YOR303W	0.999996547	1		0.529798593	1.180850805
YCR053W	0.999996465	1		0.529816851	1.180891499
YNL316C	0.999996461	1		0.52979887	1.180851422
YDR487C	0.999996343	1		0.529817191	1.180892258
YDR019C	0.999996313	1		0.529798068	1.180849637
YOL143C	0.999996295	1		0.529826652	1.180913347
YOR074C	0.999996293	1		0.529798444	1.180850474
YMR165C	0.999996292	1		0.529796974	1.180847196
YOR236W	0.99999628	1		0.529797992	1.180849467
YER026C	0.999996164	1		0.529798541	1.18085069
YGL040C	0.999996152	1		0.529797916	1.180849297
YNL331C	0.999996141	1		0.529817117	1.180892093
YJL155C	0.999996141	1		0.529797936	1.180849342
YDR062W	0.999996141	1		0.529798469	1.180850529
YGL084C	0.999996141	1		0.529817117	1.180892093
YPL189W	0.999996141	1		0.529817117	1.180892093
YBR265W	0.999996141	1		0.529798586	1.180850791
YJR040W	0.999996141	1		0.530221857	1.181794206
YDL052C	0.999996141	1		0.529797913	1.180849289
YGR010W	0.999996141	1		0.52979786	1.180849171
YML035C	0.999996141	1		0.529799057	1.18085184
YMR289W	0.999996141	1		0.529817117	1.180892093
YHL016C	0.999996141	1		0.529817117	1.180892093
YLR142W	0.999996141	1		0.53022187	1.181794234
YCR034W	0.999996141	1		0.529797913	1.180849289
YPL091W	0.999996141	1		0.529817117	1.180892093
YIL107C	0.999996141	1		0.529798414	1.180850406
YAL022C	0.999996094	1		0.529817117	1.180892093
YNL141W	0.999996038	1		0.530221912	1.181794327
YKL140W	0.999996038	1		0.529820656	1.180899982
YDR508C	0.999996038	1		0.531880179	1.185490384
YBR019C	0.999996038	1		0.529798414	1.180850406
YKR009C	0.999996038	1		0.529797913	1.180849289
YML110C	0.999996038	1		0.529798414	1.180850406
YDL015C	0.999996038	1		0.531441353	1.184512299
YPR127W	0.999996038	1		0.529798469	1.180850529
YLR345W	0.999996038	1		0.529797858	1.180849167
YHR063C	0.999996038	1		0.529797913	1.180849289
YDR441C	0.999996038	1		0.529826979	1.180914074
YBR003W	0.999996038	1		0.529817117	1.180892093
YDR046C	0.999996038	1		0.529798821	1.180851314
YHR039C-A	0.999996038	1		0.529798414	1.180850406
YPL092W	0.999996038	1		0.529798414	1.180850406
YKL188C	0.999996038	1		0.529798438	1.18085046
YPL147W	0.999996038	1		0.529798438	1.18085046
YDR373W	0.999996038	1		0.529817117	1.180892093
YIR036C	0.999996038	1		0.529817117	1.180892093
YMR101C	0.999996038	1		0.529817118	1.180892096
YKR072C	0.999996038	1		0.529798586	1.180850791
YEL058W	0.999996038	1		0.529797913	1.180849289
YMR296C	0.999996038	1		0.529797914	1.180849293
YOR180C	0.999996038	1		0.529797913	1.180849289
YJR133W	0.999996038	1		0.529817639	1.180893256
YPL252C	0.999996038	1		0.529823012	1.180905232
YNR027W	0.999996038	1		0.52982071	1.180900101
YLL015W	0.999996038	1		0.529798414	1.180850406
YNL318C	0.999996038	1		0.529798897	1.180851484
YHR109W	0.999996038	1		0.530226129	1.181803727
YOR391C	0.999996038	1		0.529798467	1.180850524
YKR043C	0.999996038	1		0.529817117	1.180892093
YIL099W	0.999996038	1		0.529817117	1.180892093
YNL191W	0.999996038	1		0.529817127	1.180892116
YPL234C	0.999996038	1		0.529817117	1.180892093
YER152C	0.999996007	1		0.531392309	1.184402988
YJL060W	0.999996006	1		0.529798109	1.180849726
YAL044C	0.999995973	1		0.529797978	1.180849436
YOR202W	0.999995915	1		0.529797961	1.180849398
YIL116W	0.999995834	1		0.5298034	1.180861521
YDL205C	0.99999578	1		0.529798474	1.18085054
YPL273W	0.99999578	1		0.529797913	1.180849289
YGL001C	0.999995745	1		0.529798011	1.180849508
YFL055W	0.999995723	1		0.531445955	1.184522557
YLR089C	0.999995723	1		0.530226626	1.181804834
YNL325C	0.999995723	1		0.529797858	1.180849167
YFR044C	0.999995723	1		0.529817117	1.180892093
YNL106C	0.999995723	1		0.531429091	1.18448497
YEL063C	0.999995723	1		0.529798467	1.180850524
YBR068C	0.999995723	1		0.529797998	1.180849479
YPL258C	0.999995723	1		0.52979855	1.180850709
YPR121W	0.999995723	1		0.531446062	1.184522796
YPR062W	0.999995723	1		0.529817127	1.180892116
YDL040C	0.999995723	1		0.529799085	1.180851903
YOR348C	0.999995723	1		0.531429144	1.184485088
YPR036W	0.999995723	1		0.529798467	1.180850524
YMR267W	0.999995723	1		0.529798469	1.180850529
YGR055W	0.999995723	1		0.529798032	1.180849556
YHL036W	0.999995723	1		0.529798032	1.180849556
YDR367W	0.999995723	1		0.52979791	1.180849284
YEL047C	0.999995723	1		0.529797913	1.180849289
YCL047C	0.999995723	1		0.529798489	1.180850573
YLR245C	0.999995723	1		0.529797858	1.180849167
YFL011W	0.999995723	1		0.529798897	1.180851484
YJL219W	0.999995723	1		0.529798897	1.180851484
YOL156W	0.999995723	1		0.529798897	1.180851484
YDL245C	0.999995723	1		0.529817117	1.180892093
YDR342C	0.999995723	1		0.529817117	1.180892093
YDR343C	0.999995723	1		0.529817117	1.180892093
YDR345C	0.999995723	1		0.529817117	1.180892093
YEL069C	0.999995723	1		0.529817117	1.180892093
YHR092C	0.999995723	1		0.529817117	1.180892093
YHR094C	0.999995723	1		0.529817117	1.180892093
YHR096C	0.999995723	1		0.529817117	1.180892093
YJL214W	0.999995723	1		0.529817117	1.180892093
YJR158W	0.999995723	1		0.529817117	1.180892093
YMR011W	0.999995723	1		0.529817117	1.180892093
YNR072W	0.999995723	1		0.529817117	1.180892093
YKL088W	0.999995723	1		0.529817117	1.180892093
YPL188W	0.999995723	1		0.531441365	1.184512327
YIL083C	0.999995723	1		0.529826979	1.180914074
YHL003C	0.999995723	1		0.529817117	1.180892093
YDR453C	0.999995723	1		0.529817117	1.180892093
YMR110C	0.999995723	1		0.529799153	1.180852054
YOR109W	0.999995723	1		0.529823022	1.180905255
YNR012W	0.999995723	1		0.529820807	1.180900319
YLR214W	0.999995723	1		0.531867012	1.185461037
YLR011W	0.999995723	1		0.529817117	1.180892093
YDL078C	0.999995723	1		0.529797976	1.18084943
YAL023C	0.999995723	1		0.529801284	1.180856805
YJR001W	0.999995723	1		0.529826979	1.180914074
YKL069W	0.999995723	1		0.530221494	1.181793396
YER065C	0.999995723	1		0.52979791	1.180849284
YLR164W	0.999995723	1		0.529797914	1.180849293
YFL017C	0.999995723	1		0.529798467	1.180850524
YGL080W	0.999995723	1		0.531445861	1.184522347
YHR162W	0.999995723	1		0.531445861	1.184522347
YOR278W	0.999995723	1		0.530233946	1.181821149
YKL141W	0.999995723	1		0.529817117	1.180892093
YPR026W	0.999995723	1		0.529798069	1.180849639
YPR118W	0.999995723	1		0.529817117	1.180892093
YBR296C	0.999995723	1		0.529801405	1.180857073
YCR037C	0.999995723	1		0.529801405	1.180857073
YJL198W	0.999995723	1		0.529801405	1.180857073
YML123C	0.999995723	1		0.529801405	1.180857073
YNR013C	0.999995723	1		0.529801405	1.180857073
YPL274W	0.999995723	1		0.529820646	1.18089996
YHR013C	0.999995723	1		0.529817462	1.180892862
YOL136C	0.999995723	1		0.529797913	1.180849289
YNL117W	0.999995723	1		0.529817117	1.180892093
YDL100C	0.999995723	1		0.529817117	1.180892093
YMR058W	0.999995723	1		0.529817117	1.180892093
YIL155C	0.999995723	1		0.529797913	1.180849289
YIL125W	0.999995723	1		0.531433565	1.184494942
YML004C	0.999995723	1		0.529767954	1.180782515
YOR163W	0.999995723	1		0.529826636	1.180913309
YDR231C	0.999995723	1		0.529801143	1.180856489
YJR010W	0.999995723	1		0.52981757	1.180893103
YMR298W	0.999995723	1		0.529820644	1.180899955
YPR140W	0.999995723	1		0.529817172	1.180892215
YEL017C-A	0.999995723	1		0.52979853	1.180850665
YPR160W	0.999995723	1		0.529817117	1.180892093
YIL002C	0.999995723	1		0.529816948	1.180891716
YDR248C	0.999995723	1		0.529826634	1.180913306
YCR010C	0.999995723	1		0.529797913	1.180849289
YDL024C	0.999995723	1		0.529817117	1.180892093
YOL011W	0.999995723	1		0.529826634	1.180913306
YGR202C	0.999995723	1		0.529826634	1.180913306
YGL119W	0.999995723	1		0.529817117	1.180892093
YDL215C	0.999995723	1		0.529817127	1.180892116
YDR105C	0.999995723	1		0.530238284	1.181830819
YMR020W	0.999995723	1		0.529820703	1.180900085
YLL041C	0.999995723	1		0.529817117	1.180892093
YIL160C	0.999995723	1		0.529797858	1.180849167
YJR057W	0.999995723	1		0.529798493	1.180850582
YKR080W	0.999995723	1		0.530234483	1.181822346
YNL003C	0.999995723	1		0.529797961	1.180849397
YGR177C	0.999995723	1		0.529801405	1.180857073
YDR402C	0.999995723	1		0.529797858	1.180849167
YDL103C	0.999995723	1		0.529797976	1.18084943
YAR069W-A	0.999995723	1		0.529817127	1.180892116
YHR214W-F	0.999995723	1		0.529817127	1.180892116
YCL025C	0.999995723	1		0.529797921	1.180849307
YNL270C	0.999995723	1		0.531445903	1.184522441
YHR037W	0.999995723	1		0.529798469	1.180850529
YCR107W	0.999995723	1		0.529817117	1.180892093
YHR002W	0.999995723	1		0.529817117	1.180892093
YCR024C-A	0.999995723	1		0.529817117	1.180892093
YMR015C	0.999995723	1		0.529797913	1.180849289
YDR502C	0.999995723	1		0.529817117	1.180892093
YLR447C	0.999995723	1		0.529817117	1.180892093
YPL268W	0.999995723	1		0.529817117	1.180892093
YGR020C	0.999995723	1		0.529817117	1.180892093
YKL106W	0.999995723	1		0.531879528	1.185488935
YLR109W	0.999995723	1		0.529798469	1.180850529
YNL333W	0.999995723	1		0.529820354	1.180899309
YJR155W	0.999995723	1		0.529817118	1.180892096
YLR377C	0.999995723	1		0.529797923	1.180849311
YOL152W	0.999995723	1		0.529817117	1.180892093
YGR088W	0.999995723	1		0.529798469	1.180850529
YER005W	0.999995723	1		0.531392188	1.184402718
YFL030W	0.999995723	1		0.529820699	1.180900078
YDR539W	0.999995723	1		0.529817117	1.180892093
YEL006W	0.999995723	1		0.531446545	1.184523872
YOR155C	0.999995723	1		0.529798032	1.180849556
YOR317W	0.999995723	1		0.529839885	1.180942841
YOR245C	0.999995723	1		0.529797914	1.180849293
YMR319C	0.999995723	1		0.529797913	1.180849289
YBR183W	0.999995723	1		0.529797914	1.180849293
YCL004W	0.999995723	1		0.529798475	1.180850543
YOR332W	0.999995723	1		0.529817117	1.180892093
YBR192W	0.999995723	1		0.529797913	1.180849289
YBR159W	0.999995723	1		0.529817117	1.180892093
YLR284C	0.999995723	1		0.529817117	1.180892093
YEL051W	0.999995723	1		0.529817117	1.180892093
YHR100C	0.999995723	1		0.529817117	1.180892093
YGL022W	0.999995723	1		0.52979786	1.180849171
YGR243W	0.999995723	1		0.531445861	1.184522347
YDR440W	0.999995723	1		0.529817117	1.180892093
YHR116W	0.999995723	1		0.529798467	1.180850524
YEL038W	0.999995723	1		0.529817117	1.180892093
YHL032C	0.999995723	1		0.529798515	1.180850632
YPL214C	0.999995723	1		0.529817462	1.180892862
YDR039C	0.999995723	1		0.529801664	1.18085765
YOR100C	0.999995723	1		0.529817117	1.180892093
YHR026W	0.999995723	1		0.529798006	1.180849498
YLR017W	0.999995723	1		0.529817405	1.180892734
YGL026C	0.999995233	1		0.529804716	1.180864452
YGL184C	0.999994949	1		0.529798467	1.180850525
YER141W	0.999994903	1		0.529817129	1.18089212
YOR161C	0.999994902	1		0.529817117	1.180892093
YPL117C	0.9999949	1		0.529817463	1.180892863
YDR452W	0.999994894	1		0.529801794	1.180857941
YDR147W	0.999994893	1		0.529816827	1.180891446
YER019W	0.999994893	1		0.529797938	1.180849347
YKL132C	0.999994893	1		0.529817462	1.180892862
YBR281C	0.999994893	1		0.529798203	1.180849938
YGL017W	0.999994893	1		0.529817117	1.180892093
YHR104W	0.999994893	1		0.529797913	1.180849289
YLR386W	0.999994893	1		0.529817117	1.180892093
YBR070C	0.999994893	1		0.529797984	1.180849448
YGL047W	0.999994893	1		0.529817462	1.180892862
YKL184W	0.999994893	1		0.529798467	1.180850524
YJL045W	0.999994893	1		0.529797937	1.180849343
YML125C	0.999994893	1		0.529817118	1.180892096
YBR121C	0.999994893	1		0.529798467	1.180850524
YIL043C	0.999994893	1		0.529817118	1.180892096
YOR285W	0.999994893	1		0.529798493	1.180850582
YFR047C	0.999994893	1		0.529798467	1.180850524
YOR209C	0.999994893	1		0.529798467	1.180850524
YBL098W	0.999994893	1		0.529817117	1.180892093
YLR438W	0.999994893	1		0.529798467	1.180850524
YMR087W	0.999994893	1		0.529817127	1.180892116
YML022W	0.999994893	1		0.529798467	1.180850524
YHR201C	0.999994893	1		0.529817117	1.180892093
YMR272C	0.999994893	1		0.529798766	1.180851191
YKL150W	0.999994893	1		0.529798493	1.180850582
YBR252W	0.999994893	1		0.529817127	1.180892116
YJR143C	0.999994893	1		0.529817462	1.180892862
YOR321W	0.999994893	1		0.529817462	1.180892862
YMR318C	0.999994893	1		0.529817117	1.180892093
YBR097W	0.999994893	1		0.529798467	1.180850524
YOR377W	0.999994893	1		0.529817117	1.180892093
YDR204W	0.999994893	1		0.529798469	1.180850529
YDR368W	0.999994893	1		0.529817463	1.180892865
YDR530C	0.999994893	1		0.529817117	1.180892093
YMR054W	0.999994893	1		0.529798515	1.180850632
YCR011C	0.999994893	1		0.529797914	1.180849293
YER163C	0.999994893	1		0.529801407	1.180857078
YDL142C	0.999994893	1		0.531380453	1.184376561
YDL238C	0.999994893	1		0.529817117	1.180892093
YDR384C	0.999994893	1		0.529797914	1.180849293
YGR121C	0.999994893	1		0.529797914	1.180849293
YNL142W	0.999994893	1		0.529797914	1.180849293
YPR138C	0.999994893	1		0.529797914	1.180849293
YER010C	0.999994893	1		0.529817462	1.180892862
YJR131W	0.999994893	1		0.529798469	1.180850529
YGR180C	0.999994893	1		0.529817117	1.180892093
YDR001C	0.999994893	1		0.531884058	1.18549903
YOL165C	0.999994893	1		0.529817117	1.180892093
YGR019W	0.999994893	1		0.529817127	1.180892116
YOR270C	0.999994893	1		0.529817117	1.180892093
YJR024C	0.999994893	1		0.529817117	1.180892093
YLR099C	0.999994893	1		0.529817472	1.180892885
YLR239C	0.999994893	1		0.529817117	1.180892093
YDR371W	0.999994893	1		0.529798469	1.180850529
YLR286C	0.999994893	1		0.529798469	1.180850529
YNL048W	0.999994893	1		0.529797914	1.180849293
YOR251C	0.999994893	1		0.529817117	1.180892093
YOR286W	0.999994893	1		0.529801284	1.180856805
YDR302W	0.999994893	1		0.529797914	1.180849293
YIR027C	0.999994893	1		0.529798469	1.180850529
YIR029W	0.999994893	1		0.529817117	1.180892093
YJL212C	0.999994893	1		0.529798412	1.180850402
YKL165C	0.999994893	1		0.529798469	1.180850529
YLL031C	0.999994893	1		0.529797914	1.180849293
YLR237W	0.999994893	1		0.529804663	1.180864335
YMR226C	0.999994893	1		0.529817462	1.180892862
YMR281W	0.999994893	1		0.529817117	1.180892093
YOR071C	0.999994893	1		0.529804663	1.180864335
YOR192C	0.999994893	1		0.529804663	1.180864335
YDL246C	0.999994893	1		0.529798469	1.180850529
YBR222C	0.999994893	1		0.529798469	1.180850529
YER042W	0.999994893	1		0.529798469	1.180850529
YHL018W	0.999994893	1		0.529798469	1.180850529
YHR043C	0.999994893	1		0.529798467	1.180850524
YHR044C	0.999994893	1		0.529817117	1.180892093
YMR251W	0.999994893	1		0.529798469	1.180850529
YDL236W	0.999994893	1		0.529817117	1.180892093
YDR036C	0.999994893	1		0.529797914	1.180849293
YDR051C	0.999994893	1		0.529817127	1.180892116
YGL006W	0.999994893	1		0.529798562	1.180850738
YGL167C	0.999994893	1		0.529798469	1.180850529
YGR012W	0.999994893	1		0.529798469	1.180850529
YJL126W	0.999994893	1		0.529817117	1.180892093
YJR149W	0.999994893	1		0.529797914	1.180849293
YMR099C	0.999994893	1		0.529798469	1.180850529
YNL219C	0.999994893	1		0.529797914	1.180849293
YOR149C	0.999994893	1		0.529798469	1.180850529
YLR351C	0.999994893	1		0.529797914	1.180849293
YDR242W	0.999994893	1		0.529798469	1.180850529
YAL061W	0.999994893	1		0.529798469	1.180850529
YBR299W	0.999994893	1		0.529797914	1.180849293
YGR287C	0.999994893	1		0.529797914	1.180849293
YGR292W	0.999994893	1		0.529797914	1.180849293
YIL172C	0.999994893	1		0.529797914	1.180849293
YJL216C	0.999994893	1		0.529797914	1.180849293
YJL221C	0.999994893	1		0.529797914	1.180849293
YLR231C	0.999994893	1		0.529817117	1.180892093
YCL009C	0.999994893	1		0.529798467	1.180850524
YOR120W	0.999994893	1		0.529817117	1.180892093
YMR008C	0.999994893	1		0.529817463	1.180892865
YOL049W	0.999994893	1		0.529798493	1.180850582
YDR178W	0.999994893	1		0.529798006	1.180849498
YKL220C	0.999994893	1		0.529820644	1.180899955
YNR060W	0.999994893	1		0.529797913	1.180849289
YOR381W	0.999994893	1		0.529798821	1.180851314
YOR384W	0.999994893	1		0.52979942	1.180852648
YJL100W	0.999994893	1		0.529817117	1.180892093
YDL168W	0.999994893	1		0.529817472	1.180892885
YOR196C	0.999994893	1		0.529798469	1.180850529
YNL130C	0.999994893	1		0.529817462	1.180892862
YMR041C	0.999994893	1		0.529797914	1.180849293
YLL018C-A	0.999994893	1		0.529817117	1.180892093
YBR022W	0.999994893	1		0.529798469	1.180850529
YOL157C	0.999994893	1		0.529798469	1.180850529
YNL045W	0.999994893	1		0.529817127	1.180892116
YDL243C	0.999994893	1		0.529798467	1.180850524
YDL095W	0.999994893	1		0.529797938	1.180849347
YIR032C	0.999994893	1		0.529797982	1.180849444
YER170W	0.999994892	1		0.529817116	1.180892092
YOR241W	0.999994887	1		0.529817117	1.180892093
YJR069C	0.999994877	1		0.529797979	1.180849437
YFR019W	0.999994846	1		0.531433811	1.184495491
YDR376W	0.999994846	1		0.529817117	1.180892093
YCL035C	0.999994846	1		0.529817117	1.180892093
YCR068W	0.999994846	1		0.529797947	1.180849365
YLL052C	0.999994846	1		0.529817632	1.180893241
YPR192W	0.999994846	1		0.529817632	1.180893241
YIR037W	0.999994846	1		0.529817117	1.180892093
YML070W	0.999994846	1		0.529797914	1.180849293
YBR041W	0.999994846	1		0.529798821	1.180851314
YIL145C	0.999994846	1		0.529798469	1.180850529
YBR036C	0.999994846	1		0.529817127	1.180892116
YBR161W	0.999994846	1		0.529817127	1.180892116
YPR156C	0.999994846	1		0.529797913	1.180849289
YAR071W	0.999994846	1		0.529817117	1.180892093
YBR093C	0.999994846	1		0.529817117	1.180892093
YHR215W	0.999994846	1		0.529817117	1.180892093
YNR041C	0.999994846	1		0.529817117	1.180892093
YPL057C	0.999994846	1		0.529797914	1.180849293
YJR153W	0.999994846	1		0.529798469	1.180850529
YML086C	0.999994846	1		0.529798469	1.180850529
YJL091C	0.999994846	1		0.529798414	1.180850406
YLR056W	0.999994846	1		0.529799166	1.180852082
YMR278W	0.999994846	1		0.529798477	1.180850547
YPL206C	0.999994846	1		0.529797914	1.180849293
YJL026W	0.999994846	1		0.529817117	1.180892093
YMR301C	0.999994846	1		0.529817117	1.180892093
YGR244C	0.999994846	1		0.529798493	1.180850583
YNL292W	0.999994846	1		0.529797976	1.18084943
YGL077C	0.999994846	1		0.529798469	1.180850529
YNR057C	0.999994846	1		0.529817462	1.180892862
YER119C	0.999994846	1		0.529816827	1.180891446
YLR160C	0.999994846	1		0.529817117	1.180892093
YKL008C	0.999994846	1		0.529817117	1.180892093
YBR243C	0.999994846	1		0.529798414	1.180850406
YFL053W	0.999994846	1		0.529797913	1.180849289
YDR315C	0.999994846	1		0.529817117	1.180892093
YGR286C	0.999994846	1		0.529798467	1.180850524
YMR113W	0.999994846	1		0.529817462	1.180892862
YOR142W	0.999994846	1		0.529817462	1.180892862
YOR360C	0.999994846	1		0.529798831	1.180851337
YGL248W	0.999994846	1		0.529817117	1.180892093
YKL215C	0.999994846	1		0.529827043	1.180914218
YGL008C	0.999994846	1		0.529817462	1.180892862
YPL036W	0.999994846	1		0.529797914	1.180849293
YDR236C	0.999994846	1		0.529817118	1.180892096
YBR291C	0.999994846	1		0.529797913	1.180849289
YDR400W	0.999994846	1		0.529817117	1.180892093
YDR536W	0.999994846	1		0.529798897	1.180851484
YDL210W	0.999994846	1		0.529816827	1.180891446
YIR028W	0.999994846	1		0.531429642	1.184486197
YJR152W	0.999994846	1		0.529816816	1.180891423
YBR199W	0.999994846	1		0.529798469	1.180850529
YBR205W	0.999994846	1		0.529798469	1.180850529
YDR483W	0.999994846	1		0.529798469	1.180850529
YIL124W	0.999994846	1		0.529817117	1.180892093
YJL139C	0.999994846	1		0.529798469	1.180850529
YKR061W	0.999994846	1		0.529798469	1.180850529
YNL029C	0.999994846	1		0.529798469	1.180850529
YPL053C	0.999994846	1		0.529798469	1.180850529
YGL186C	0.999994846	1		0.529797914	1.180849293
YJL005W	0.999994846	1		0.529798469	1.180850529
YOR221C	0.999994846	1		0.529817117	1.180892093
YBR229C	0.999994846	1		0.529798469	1.180850529
YJR078W	0.999994846	1		0.529817117	1.180892093
YBR046C	0.999994846	1		0.529798469	1.180850529
YDL120W	0.999994846	1		0.529797914	1.180849293
YGR110W	0.999994846	1		0.529797997	1.180849478
YBR092C	0.999994846	1		0.529798515	1.180850632
YDR387C	0.999994846	1		0.529817117	1.180892093
YPR002W	0.999994846	1		0.529798469	1.180850529
YIL009W	0.999994846	1		0.529817117	1.180892093
YBR023C	0.999994846	1		0.529797914	1.180849293
YBR038W	0.999994846	1		0.529798469	1.180850529
YDL042C	0.999994846	1		0.529798469	1.180850529
YDR191W	0.999994846	1		0.529817117	1.180892093
YLR307W	0.999994846	1		0.529797914	1.180849293
YNL192W	0.999994846	1		0.529797914	1.180849293
YOL068C	0.999994846	1		0.529817117	1.180892093
YOR025W	0.999994846	1		0.529798469	1.180850529
YPL015C	0.999994846	1		0.529798469	1.180850529
YGL067W	0.999994846	1		0.529798562	1.180850738
YDL080C	0.999994846	1		0.529817117	1.180892093
YNR058W	0.999994846	1		0.529817462	1.180892861
YPL227C	0.999994846	1		0.529797914	1.180849293
YOR222W	0.999994846	1		0.53188428	1.185499525
YPL134C	0.999994846	1		0.53188428	1.185499525
YER183C	0.999994846	1		0.529817117	1.180892093
YDL247W	0.999994846	1		0.529798467	1.180850524
YJR160C	0.999994846	1		0.529798467	1.180850524
YMR169C	0.999994846	1		0.531429952	1.184486888
YNL092W	0.999994846	1		0.52979786	1.180849171
YOR171C	0.999994846	1		0.529801284	1.180856805
YER056C	0.999994846	1		0.529797914	1.180849293
YER060W	0.999994846	1		0.529797914	1.180849293
YER060W-A	0.999994846	1		0.529797914	1.180849293
YLR081W	0.999994846	1		0.529798897	1.180851484
YCR105W	0.999994846	1		0.529817117	1.180892093
YLR155C	0.999994846	1		0.529817117	1.180892093
YLR157C	0.999994846	1		0.531879528	1.185488935
YLR158C	0.999994846	1		0.531879528	1.185488935
YDR173C	0.999994846	1		0.529798831	1.180851337
YEL066W	0.999994846	1		0.529797984	1.180849448
YLL001W	0.999994846	1		0.529816816	1.180891423
YMR246W	0.999994846	1		0.529839406	1.180941773
YGL063W	0.999994845	1		0.529798467	1.180850524
YPL212C	0.999994845	1		0.529798467	1.180850524
YFL001W	0.999994845	1		0.529797913	1.180849289
YLR328W	0.999994579	1		0.529798489	1.180850573
YKR053C	0.999994532	1		0.529798766	1.180851191
YEL046C	0.999994532	1		0.529773383	1.180794616
YBR084W	0.999994532	1		0.531476295	1.184590182
YJL134W	0.999994532	1		0.529820346	1.18089929
YJR048W	0.999994532	1		0.529795494	1.180843898
YOL020W	0.999994532	1		0.529797976	1.18084943
YNR019W	0.999992477	1		0.5298204	1.180899411
YCR048W	0.999991595	1		0.529817129	1.180892119
YDR135C	0.999991468	1		0.532361833	1.186563928
YGL154C	0.999991162	1		0.529801009	1.18085619
YNL036W	0.99999066	1		0.52981519	1.180887799
YML106W	0.99998942	1		0.529819956	1.180898421
YGR209C	0.999987209	1		0.529801124	1.180856446
YPL262W	0.999984428	1		0.529803653	1.180862085
YOL126C	0.999983232	1		0.529793203	1.180838791
YJR051W	0.99997799	1		0.530243433	1.181842296
YLR027C	0.99997716	1		0.529822161	1.180903336
YJL130C	0.999974222	1		0.529818177	1.180894455
YDR050C	0.999970707	1		0.529791162	1.180834243
YCL050C	0.999967527	1		0.529801603	1.180857515
YFL022C	0.999966871	1		0.529817647	1.180893274
YFR025C	0.999965798	1		0.529798508	1.180850617
YIR031C	0.999965653	1		0.529799166	1.180852082
YPL280W	0.999965653	1		0.529798467	1.180850524
YDR020C	0.999965653	1		0.529801684	1.180857695
YJL168C	0.999965653	1		0.529817117	1.180892093
YDR196C	0.999965653	1		0.529798469	1.180850529
YHR123W	0.999965653	1		0.529797914	1.180849293
YAL012W	0.999965653	1		0.52979786	1.180849171
YIL006W	0.999965653	1		0.531429845	1.184486651
YAL035W	0.999965653	1		0.529817117	1.180892093
YER174C	0.999965653	1		0.529817117	1.180892093
YKL103C	0.999965653	1		0.529817117	1.180892093
YKL024C	0.999965496	1		0.529798881	1.180851448
YLR260W	0.999965355	1		0.529797984	1.180849449
YCL017C	0.999965355	1		0.529797914	1.180849293
YGL027C	0.999965355	1		0.529798469	1.180850529
YHR008C	0.999965355	1		0.529797914	1.180849293
YJL068C	0.999965355	1		0.529797914	1.180849293
YJR104C	0.999965355	1		0.529797914	1.180849293
YCR028C	0.999965355	1		0.529817117	1.180892093
YNR030W	0.999965355	1		0.529797914	1.180849293
YOR002W	0.999965355	1		0.529798469	1.180850529
YPR139C	0.999965355	1		0.529798469	1.180850529
YDR454C	0.999965354	1		0.529797863	1.180849179
YLR348C	0.999965324	1		0.52979852	1.180850644
YNR008W	0.999965218	1		0.529797913	1.180849289
YDR503C	0.999965055	1		0.529817148	1.180892163
YDR410C	0.999965026	1		0.529797914	1.180849293
YBR001C	0.999965021	1		0.529797913	1.180849289
YPL148C	0.999965017	1		0.529797913	1.180849289
YKL192C	0.999965017	1		0.529798491	1.180850577
YPL069C	0.999965017	1		0.529817117	1.180892093
YEL027W	0.999965017	1		0.529798493	1.180850582
YPL132W	0.999965017	1		0.529817117	1.180892093
YOL055C	0.99996499	1		0.52979855	1.180850709
YKL004W	0.99996499	1		0.529797915	1.180849294
YOR388C	0.99996499	1		0.529797913	1.180849289
YKL146W	0.99996499	1		0.529817462	1.180892862
YNL101W	0.99996499	1		0.529817462	1.180892862
YJR049C	0.99996499	1		0.529798469	1.180850529
YER037W	0.99996499	1		0.529798493	1.180850582
YOR126C	0.99996499	1		0.529797976	1.18084943
YHR119W	0.99996499	1		0.529820644	1.180899955
YKR097W	0.99996499	1		0.529817117	1.180892093
YML059C	0.99996499	1		0.529804718	1.180864457
YLR146C	0.99996499	1		0.529817117	1.180892093
YMR303C	0.99996499	1		0.529797913	1.180849289
YPL088W	0.99996499	1		0.529816816	1.180891423
YOR311C	0.99996499	1		0.529798399	1.180850374
YPL172C	0.999964921	1		0.529817117	1.180892093
YFR055W	0.99996492	1		0.529798467	1.180850524
YGR194C	0.99996492	1		0.529797858	1.180849167
YCR036W	0.99996492	1		0.529797913	1.180849289
YLR410W	0.99996492	1		0.52979911	1.180851959
YHR128W	0.99996492	1		0.529817117	1.180892093
YDR321W	0.99996492	1		0.529797938	1.180849347
YGR267C	0.99996492	1		0.529817462	1.180892862
YOR125C	0.99996492	1		0.529817117	1.180892093
YNL267W	0.99996492	1		0.529798102	1.180849711
YBR006W	0.99996492	1		0.531879528	1.185488935
YNR067C	0.999964916	1		0.529798469	1.180850529
YBR042C	0.999964916	1		0.529817117	1.180892093
YGL038C	0.999964916	1		0.529797914	1.180849293
YLR151C	0.999964916	1		0.529817117	1.180892093
YDR497C	0.999964916	1		0.529817472	1.180892885
YOL103W	0.999964916	1		0.529817472	1.180892885
YDR017C	0.999964916	1		0.529817117	1.180892093
YOL151W	0.999964916	1		0.529817117	1.180892093
YOR099W	0.999964916	1		0.529798469	1.180850529
YLR446W	0.999964916	1		0.529826636	1.180913309
YLR047C	0.999964916	1		0.529798469	1.180850529
YDR297W	0.999964916	1		0.529817127	1.180892116
YGR289C	0.999964916	1		0.529797914	1.180849293
YGL205W	0.999964916	1		0.529797914	1.180849293
YBL091C	0.999964889	1		0.529826634	1.180913306
YHR074W	0.999964889	1		0.529801407	1.180857078
YBR244W	0.99996478	1		0.529817117	1.180892093
YNL229C	0.99996478	1		0.529817117	1.180892093
YBR011C	0.999964165	1		0.529798006	1.180849498
YJR148W	0.999952893	1		0.529785924	1.180822568
YHR208W	0.999941543	1		0.529783681	1.180817569
YGR204W	0.999787837	1		0.529606834	1.1804234
YGR043C	0.999763661	1		0.527689028	1.176148866
YKL085W	0.999703886	1		0.529691344	1.180611762
YKL060C	0.999558024	1		0.527506218	1.175741406
YOR108W	0.999513076	1		0.529964727	1.181221097
YER024W	0.999282583	1		0.529470115	1.180118673
YLR354C	0.999163828	1		0.527161019	1.174972002
YML042W	0.999120938	1		0.531043741	1.183626076
YAR035W	0.999108526	1		0.529368122	1.179891344
YLR134W	0.994178603	1		0.522959192	1.165606689
YGR087C	0.993880831	1		0.522949188	1.165584391
YGR192C	0.993516637	1		0.515278276	1.148486946
YLR044C	0.991252734	1		0.521401286	1.162134322
YIL053W	0.991069091	1		0.522842267	1.165346077
YER062C	0.991053093	1		0.522830389	1.165319604
YJR009C	0.977859603	1		0.504803209	1.12513941
YJL052W	0.961746605	1		0.494800655	1.102845044
WT_yields	0.448658366	0.029098676		0	0
