genes	enzymes	shortNames	MWs	actions	k_scores	OE	minUsage	maxUsage	pUsage
YBL015W	P32316	ACH1	58.71137	1	1000	2	0	0.000360947038210485	6.72736422096e-12
YBR208C	P32528	DUR1,2	201.82994	2	1000	2	1.87000773515997e-07	1.87095180636317e-07	1.87042164919645e-07
YCL064C	P25379	CHA1	39.30093	2	1000	2	0	3.68347855966517e-06	3.68304477080032e-06
YDL215C	P33327	GDH2	124.33061	2	1000	2	7.38592461915869e-07	7.39463094696343e-07	7.38592461915534e-07
YEL046C	P37303	GLY1	42.81463	2	1000	2	9.52584153194716e-08	9.53737845211753e-08	9.52697775853812e-08
YEL047C	P32614	FRD1	50.84351	1	1000	2	5.6037393992986e-07	0.000417363086345534	5.60436169711178e-07
YER062C	P40106	GPP2	27.8134	2	1000	2	0	1.87021397679756e-05	1.86965249789814e-05
YER065C	P28240	ICL1	62.40816	2	1000	2	1.25965648457982e-06	1.26064792043849e-06	1.26045074328356e-06
YER170W	P26364	ADK2	25.19373	1	1000	2	0	0.000841150984362549	4.17441764340043e-13
YFL030W	P43567	AGX1	41.90679	2	1000	2	1.26926994366541e-07	1.27026880906281e-07	1.27007012711021e-07
YFL053W	P43550	DAK2	62.13397	2	1000	2	0	8.6892197879804e-06	8.68661109527462e-06
YGR248W	P53315	SOL4	28.44737	1	1000	2	0	1.74405844231166e-05	0
YGR256W	P53319	GND2	53.92235	1	1000	2	0	4.79136700115696e-06	0
YHR037W	P07275	PUT2	64.43444	1	1000	2	5.75317244994624e-06	0.000334641882686523	5.75381134236809e-06
YHR163W	P38858	SOL3	27.78417	2	1000	2	0	1.74405844231178e-05	1.74405844231144e-05
YHR183W	P38720	GND1	53.54274	2	1000	2	0	4.79136700115696e-06	4.7913670011569e-06
YIL053W	P41277	GPP1	27.94655	1	1000	2	0	1.87021397679684e-05	0
YLR142W	P09368	PUT1	53.27087	2	1000	2	2.57604871034447e-07	2.57737312549526e-07	2.57633478172863e-07
YLR438W	P07991	CAR2	46.08557	2	1000	2	4.44750364988541e-08	4.45206121401755e-08	4.44848807586346e-08
YML070W	P54838	DAK1	62.20593	1	1000	2	0	8.68921978798307e-06	0
YNL241C	P11412	ZWF1	57.5209	2	1000	2	2.75535162129491e-07	2.75609423837291e-07	2.75609428460024e-07
YOR120W	P14065	GCY1	35.07875	2	1000	2	0.000406731012074479	0.000406853158238688	0.000406731012074644
YPL111W	P00812	CAR1	35.66162	2	1000	2	1.60357898150691e-05	1.60438862455802e-05	1.6039339232734e-05
ADS	Q9AR04	ADS	63.933	2	1000	2	0.000311766990603966	0.000311766990603966	0.000311766990603966
CYP71AV1	Q1PS23	CYP71AV1	55.725	2	1000	2	7.49207496800228e-06	7.49207496800229e-06	7.49207496800228e-06
YML126C	P54839	ERG13	55.01283	2	351.226068915757	2	0.000422174920574219	0.000422175433770571	0.000422174920574219
YPL262W	P08417	FUM1	53.15125	1	335.499709016547	2	2.15406818209706e-08	0.000398726808260547	2.15423404365868e-08
YDL022W	Q00055	GPD1	42.8683	1	119.575248012373	2	0	3.2018635079317e-05	1.84992278584225e-06
YOL059W	P41911	GPD2	49.42115	1	119.575248012373	2	0	3.31106212259897e-05	0
YLR450W	P12684	HMG2	115.69085	1	27.0388610449401	2	0	1.89300804295428e-06	0
YMR208W	P07277	ERG12	48.45901	2	27.0388610449401	2	8.0001082777635e-06	8.00011800270494e-06	8.0001082777635e-06
YMR220W	P24521	ERG8	50.45437	2	27.0388610449401	2	5.15301481577026e-05	5.1530210797814e-05	5.15301481577026e-05
YNR043W	P32377	MVD1	44.11544	2	27.0388610449401	2	3.57556065713715e-05	3.57556500359306e-05	3.57556065713715e-05
YPL117C	P15496	IDI1	33.35113	1	27.0388610449401	2	1.95320697696363e-09	0.0006354144446755	1.95320697696363e-09
YJL167W	P08524	ERG20	40.48289	2	27.0388610449401	2	0.000106183289726463	0.000106183418803	0.000106183289726463
YML075C	P12683	HMG1	115.62448	2	27.0388610449401	2	0	1.89409269009088e-06	1.89409038797214e-06
YHR002W		LEU5	NaN	1	26.6393457023301	2	NaN	NaN	NaN
YOR303W	P07258	CPA1	45.36103	2	16.399713120881	2	2.52048885623117e-08	2.5208339745203e-08	2.52068314493516e-08
YJR109C	P03965	CPA2	123.91392	2	16.3997131208748	2	2.52048885623117e-08	2.5208339745203e-08	2.52068314493406e-08
YOR095C	Q12189	RKI1	28.25777	1	12.5708090653903	2	6.13736520617841e-06	0.000756080751985623	6.13899700387889e-06
YBR221C	P32473	PDB1	40.0532	2	11.3521630042141	2	7.43166962346602e-06	7.43189591537583e-06	7.43184877122786e-06
YER178W	P16387	PDA1	46.34261	2	11.3521630042141	2	7.43166962346602e-06	7.43189591537583e-06	7.43184877122786e-06
YGR193C	P16451	PDX1	45.36125	2	11.3521630042141	2	7.43166962346602e-06	7.43189591537583e-06	7.43184877122786e-06
YNL071W	P12695	LAT1	51.81762	2	11.3521630042141	2	7.43166962346602e-06	7.43189591537583e-06	7.43184877122786e-06
YBR296C		PHO89	NaN	1	8.55413221993888	2	NaN	NaN	NaN
YCR037C		PHO87	NaN	1	8.55413221993888	2	NaN	NaN	NaN
YJL198W		PHO90	NaN	1	8.55413221993888	2	NaN	NaN	NaN
YML123C		PHO84	NaN	1	8.55413221993888	2	NaN	NaN	NaN
YNR013C		PHO91	NaN	1	8.55413221993888	2	NaN	NaN	NaN
YJR051W	P21375	OSM1	55.06455	1	8.1602916033468	2	0	0.000384891027301186	3.93417551812295e-08
YGL080W		MPC1	NaN	1	7.51497780889587	2	NaN	NaN	NaN
YGR243W		MPC3	NaN	1	7.51497780889587	2	NaN	NaN	NaN
YHR162W		MPC2	NaN	1	7.51497780889587	2	NaN	NaN	NaN
YPR035W	P32288	GLN1	41.7656	2	6.16521021388847	2	1.20985905411023e-06	1.2100638031414e-06	1.2099317934192e-06
YJR095W		SFC1	NaN	1	5.43976888490083	2	NaN	NaN	NaN
YKL029C	P36013	MAE1	74.37529	2	4.80900571646426	2	2.15339149527808e-07	2.15572777156785e-07	2.15417025403932e-07
YKL069W	P36088	YKL069W	19.73402	1	4.72036660487171	2	3.68476003700344e-07	0.00107423612363424	3.68477748008012e-07
YER023W	P32263	PRO3	30.13145	2	3.74272191667027	2	6.23868458531323e-09	6.24507765596062e-09	6.24006547752955e-09
YAL038W	P00549	CDC19	54.54404	2	3.34751510164922	2	0	2.01871202976486e-06	2.01864450702376e-06
YGR254W	P00924	ENO1	46.81564	1	3.34751510164922	2	0	0.000454699498359697	2.03619544521749e-06
YHR174W	P00925	ENO2	46.91368	1	3.34751510164922	2	0	0.000453748688238415	0
YKL152C	P00950	GPM1	27.60828	1	3.34751510164922	2	0	0.000768117638460143	0
YOR347C	P52489	PYK2	55.19478	1	3.34751510164922	2	0	2.01871202237235e-06	0
YMR323W	P42222	ERR3	47.31216	1	3.34751510164922	2	0	0.000449926865278005	0
YOR393W	P0CX10	ERR1	47.32712	1	3.34751510164922	2	0	0.000449785214716386	0
YPL281C	P0CX11	ERR2	47.32712	1	3.34751510164922	2	0	0.000449785214716386	0
YOR283W	Q12040	YOR283W	26.17622	1	3.34751510164922	2	0	0.000810141303076859	5.62215053472498e-07
YPR021C		AGC1	NaN	1	2.90621434658831	2	NaN	NaN	NaN
YCL040W	P17709	GLK1	55.37689	1	2.31775809235977	2	0	3.56661053538175e-07	0
YGL253W	P04807	HXK2	53.9419	1	2.31775809235977	2	0	7.71310883307075e-07	0
YLR446W	Q06204	YLR446W	48.96875	1	2.31775809235977	2	0	5.85178978676435e-05	0
YFR053C	P04806	HXK1	53.73784	1	2.31775809235974	2	0	3.56661040456862e-07	1.84874932223649e-09
YML120C	P32340	NDI1	57.24915	1	1.5031669238277	2	0	2.32285775513571e-05	1.19095236638163e-06
YCR012W	P00560	PGK1	44.73787	1	1.19934674421137	2	8.72600278199035e-07	0.000474558314713622	8.72600276385809e-07
YGR192C	P00359	TDH3	35.74626	1	1.19934674421137	2	0	0.000608986884359773	0
YJL052W	P00360	TDH1	35.74956	1	1.19934674421137	2	0	0.00060893066955683	1.61491223368083e-05
YJR009C	P00358	TDH2	35.84645	1	1.19934674421137	2	0	0.000607286306697229	0
YNL036W	P53615	NCE103	24.85889	1	1.16783743201465	2	0	0.000852479616725519	8.29760520302282e-11
YAL012W	P31373	CYS3	42.5416	1	1.0435155049468	2	0	0.000498209555567647	0
YGL184C	P53101	STR3	51.82796	1	1.0435155049468	2	0	2.22408242258891e-05	0
YFR055W	P43623	IRC7	36.97108	1	1.0435155049468	2	0	2.22408242258612e-05	6.04971550670396e-06
YER141W	P40086	COX15	54.65792	0	0.149704166666667	0	0	2.3847993981e-13	2.3847993981e-13
YBR029C	P38221	CDS1	51.82218	0	0.146137301158251	0	3.81519144193116e-08	0.00040896921234079	3.81838584783354e-08
YOR175C	Q08548	ALE1	72.22714	0	0.143045622124366	0	7.98035812479103e-09	1.15653580558715e-08	1.1503518906683e-08
YDL052C	P33333	SLC1	33.88654	0	0.134675875060736	0	0	1.58542128156864e-06	0
YNL169C	P39006	PSD1	56.59416	0	0.121709516457941	0	4.27337477531946e-06	4.67152376442491e-06	4.66470051776751e-06
YER026C	P08456	CHO1	30.8043	0	0.120791256975588	0	9.02620996001862e-10	9.06416978308721e-10	9.05297317716178e-10
YPL061W	P54115	ALD6	54.41344	0	0.114947690389181	0	1.85893389539532e-07	1.86778816628253e-07	1.86209613499532e-07
YLR153C	P52910	ACS2	75.49079	0	0.114947690389181	0	0	6.58513560373542e-08	6.56506759039552e-08
YDR384C		ATO3	NaN	0	0.0631005910213798	0	NaN	NaN	NaN
YGR121C		MEP1	NaN	0	0.0631005910213798	0	NaN	NaN	NaN
YNL142W		MEP2	NaN	0	0.0631005910213798	0	NaN	NaN	NaN
YPR138C		MEP3	NaN	0	0.0631005910213798	0	NaN	NaN	NaN
YBR263W	P37292	SHM1	53.68589	0	0.0549031696385639	0	7.97841374283578e-07	0.000395532850909062	7.97843692673362e-07
YDR353W	P29509	TRR1	34.23767	0	0.0409502393731826	0	7.47665120192232e-09	8.15479764014934e-09	8.15333095204962e-09
YAL044C	P39726	GCV3	18.79276	0	0.0274515575708952	0	7.66850644789651e-09	4.11652443880642e-08	7.66852818615342e-09
YDR019C	P48015	GCV1	44.46849	0	0.0274515575708952	0	7.66850644789651e-09	4.11652443880642e-08	7.66852818615342e-09
YMR189W	P49095	GCV2	114.45033	0	0.0274515575708952	0	7.66850644789651e-09	4.11652443880642e-08	7.66852818615342e-09
YLR058C	P37291	SHM2	52.21793	0	0.00283600515121527	0	1.14787106248695e-07	0.000405946949746009	1.14788734270718e-07
YAL062W	P39708	GDH3	49.62653	0	0	0	0	1.30450178856529e-10	0
YBR115C	P07702	LYS2	155.34394	0	0	0	0	5.94612287455363e-12	0
YBR218C	P32327	PYC2	130.16549	0	0	0	0	3.47845354303945e-10	0
YBR291C		CTP1	NaN	0	0	0	NaN	NaN	NaN
YCL009C	P25605	ILV6	33.98652	0	0	0	0	3.83662730505455e-11	0
YCL018W	P04173	LEU2	38.95257	0	0	0	0	8.62846494859515e-11	0
YCR053W	P16120	THR4	57.47349	0	0	0	0	1.09615142630116e-12	0
YDL066W	P21954	IDP1	48.18986	0	0	0	0	9.31728091894523e-11	0
YDL131W	Q12122	LYS21	48.59372	0	0	0	0	4.01869014291895e-10	0
YDR148C	P19262	KGD2	50.43011	0	0	0	0	4.54580244818034e-07	0
YDR158W	P13663	HOM2	39.54334	0	0	0	0	2.35591805474222e-11	0
YDR234W	P49367	LYS4	75.14989	0	0	0	0	0.000281992464982873	0
YDR300C	P32264	PRO1	47.16164	0	0	0	0	2.01386581857474e-10	0
YDR380W	Q06408	ARO10	71.38357	0	0	0	0	7.03868991543494e-12	0
YER052C	P10869	HOM3	58.10913	0	0	0	0	1.97017387260029e-11	0
YER069W	Q01217	ARG5,6	94.86823	0	0	0	0	9.03493452861654e-10	0
YER081W	P40054	SER3	51.1927	0	0	0	0	2.23656293419954e-11	0
YER152C	P10356	YER152C	49.48976	0	0	0	0	0.00042820347069346	0
YGL009C	P07264	LEU1	85.79356	0	0	0	0	0.00024700798322201	0
YGL062W	P11154	PYC1	130.09827	0	0	0	0	3.47845354637526e-10	0
YGL154C	P50113	LYS5	30.68281	0	0	0	0	5.94612287455363e-12	0
YGR087C	P26263	PDC6	61.57964	0	0	0	0	2.01974853356944e-10	0
YGR208W	P42941	SER2	34.20684	0	0	0	0	8.65287513363991e-12	0
YHR018C	P04076	ARG4	51.9886	0	0	0	0	0.000407622134928068	0
YHR025W	P17423	THR1	38.71215	0	0	0	0	1.0961514236182e-10	0
YIL074C	P40510	SER33	51.18777	0	0	0	0	2.23656293225843e-11	0
YIL094C	P40495	LYS12	40.06854	0	0	0	0	1.45830068796119e-11	0
YIL125W	P20967	KGD1	114.41496	0	0	0	0	4.54580244818034e-07	0
YIR034C	P38998	LYS1	41.46445	0	0	0	0	1.31889895515917e-11	0
YJL060W	P47039	BNA3	50.08168	0	0	0	0	0.000423142695719463	0
YJL088W	P05150	ARG3	37.84479	0	0	0	0	1.49718047237581e-11	0
YJR016C	P39522	ILV3	62.86049	0	0	0	0	2.09819028630074e-11	0
YJR139C	P31116	HOM6	38.50163	0	0	0	0	1.9806390468155e-10	0
YKL085W	P17505	MDH1	35.64959	0	0	0	0	0.000594444373118447	0
YLR044C	P06169	PDC1	61.49468	0	0	0	0	8.6361651822154e-11	0
YLR134W	P16467	PDC5	61.91138	0	0	0	0	2.01974852598126e-10	0
YLR304C	P19414	ACO1	85.36736	0	0	0	0	0.000248241180168578	0
YLR355C	P06168	ILV5	44.36792	0	0	0	0	5.35253702197364e-10	0
YMR062C	Q04728	ARG7	47.84821	0	0	0	0	0.000442894519422189	0
YMR108W	P07342	ILV2	74.93608	0	0	0	0	3.83662728865307e-11	0
YMR241W		YHM2	NaN	0	0	0	NaN	NaN	NaN
YNL037C	P28834	IDH1	39.32357	0	0	0	0	3.47845354847392e-10	0
YNL104C	P06208	LEU4	68.40819	0	0	0	0	5.66164298001416e-11	0
YNR001C	P00890	CIT1	53.35945	0	0	0	0	1.84631046981169e-11	0
YNR050C	P38999	LYS9	48.91735	0	0	0	0	7.56485678719516e-13	0
YOL058W	P22768	ARG1	46.92715	0	0	0	0	0.000451586800915433	0
YOL140W	P18544	ARG8	46.68082	0	0	0	0	2.24415751964948e-09	0
YOR130C		ORT1	NaN	0	0	0	NaN	NaN	NaN
YOR136W	P28241	IDH2	39.73903	0	0	0	0	3.47845354847392e-10	0
YOR184W	P33330	SER1	43.41501	0	0	0	0	2.79392984038884e-09	0
YOR323C	P54885	PRO2	49.73991	0	0	0	0	2.61011971042995e-11	0
YOR375C	P07262	GDH1	49.56931	0	0	0	0	1.30450178856529e-10	0
YOR388C	Q08911	FDH1	41.7138	0	0	0	0	6.73248756883683e-10	0
YPR001W	P43635	CIT3	53.81073	0	0	0	0	1.84599339232158e-11	0
YJL200C	P39533	ACO2	86.58224	0	0	0	0	0.00024475822448743	0
