genes	enzymes	shortNames	MWs	actions	k_scores	OE	minUsage	maxUsage	pUsage	foldChange	unique	conectivity	groups	priority
YGR155W	P32582	CYS4	56.02121	OE	1000	2	3.0558950027e-08	3.14474755369692e-08	3.07447160076225e-08	1.00000973100269	1	4	0	1
YNL241C	P11412	ZWF1	57.5209	OE	1000	2	1.76298799686196e-09	2.13196937746743e-09	1.92286809609314e-09	1.00000156934272	1	5	0	1
GgbAS1	Q9MB42	GgbAS1	87.516	OE	1000	2	6.45122651258146e-07	6.45122651258148e-07	6.45122651258146e-07	1.00028698880609	1	2	0	1
CYP716A12	Q2MJ20	CYP716A12	54.713	OE	1000	2	0.00178827998928758	0.00178827998928759	0.00178827998928758	1.98199669846899	1	7	0	1
YDR380W	Q06408	ARO10	71.38357	OE	92.4717113348381	2	7.25682873492908e-09	7.95646610779017e-09	7.95594994490425e-09	1.00000388513759	1	4	0	1
YOR283W	Q12040	YOR283W	26.17622	OE	3.52811398713783	2	6.24266948928114e-07	6.35322338429185e-07	6.31514960990505e-07	1.00008471800467	1	4	0	1
YCR012W	P00560	PGK1	44.73787	OE	1.2640517240345	2	9.80076031835565e-07	9.82366033646614e-07	9.80158973151801e-07	1.00022306025049	1	4	0	1
YDR050C	P00942	TPI1	26.79508	OE	1.25683216762741	2	3.03362312755152e-08	3.4060397369478e-08	3.03413211630748e-08	1.00000512615688	1	2	0	1
YMR205C	P16862	PFK2	104.61673	OE	1.25281664747573	2	7.34086696241624e-07	7.37404745074766e-07	7.37310454094031e-07	1.00039161017634	1	9	0	1
YDR516C	Q04409	EMI2	55.92028	OE	1.00081594913408	2	1.85756975694893e-07	1.86184324242249e-07	1.86178e-07	1.00005372962693	1	4	0	1
YDR226W	P07170	ADK1	24.2546	deletion	0.1235008332996	0	0	6.50667058594688e-08	0	1.00001699244829	1	4	0	1
YLR153C	P52910	ACS2	75.49079	deletion	0.0477876720606478	0	0	2.64811876267808e-10	0	1.00000121171662	1	13	0	1
YJR130C	P47164	STR2	72.34965	deletion	0.0131263247366666	0	0	2.26036328005322e-09	0	1.00000266550304	1	11	0	1
YPR035W	P32288	GLN1	41.7656	deletion	0.0109249013636943	0	0	6.58461769432919e-10	0	1.00000128777761	1	7	0	1
YKL085W	P17505	MDH1	35.64959	deletion	6.8082397631593e-07	0	0	2.79561827741414e-09	0	1.00000201860821	1	5	0	1
YBR263W	P37292	SHM1	53.68589	deletion	0	0	0	2.84234836638208e-09	0	1.00000255468083	1	5	0	1
YCL040W	P17709	GLK1	55.37689	deletion	0	0	0	2.18898185176523e-09	0	1.00000223692446	1	6	0	1
YDR234W	P49367	LYS4	75.14989	deletion	0	0	0	1.32605657113303e-09	0	1.00000201851058	1	6	0	1
YDR300C	P32264	PRO1	47.16164	deletion	0	0	0	5.5813614032972e-10	0	1.00000127584277	1	4	0	1
YDR353W	P29509	TRR1	34.23767	deletion	0	0	0	1.10689692556382e-09	0	1.00000139307039	1	6	0	1
YER023W	P32263	PRO3	30.13145	deletion	0	0	0	9.26072264963294e-12	0	1.00000101208138	1	6	0	1
YER091C	P05694	MET6	85.85892	deletion	0	0	0	1.13027921062413e-09	0	1.00000199219074	1	7	0	1
YER152C	P10356	YER152C	49.48976	deletion	0	0	0	2.01380230535563e-09	0	1.00000201860768	1	6	0	1
YGL009C	P07264	LEU1	85.79356	deletion	0	0	0	1.16165627013299e-09	0	1.00000201860802	1	4	0	1
YJL088W	P05150	ARG3	37.84479	deletion	0	0	0	1.66320776313356e-11	0	1.00000101563011	1	5	0	1
YJR139C	P31116	HOM6	38.50163	deletion	0	0	0	4.38861591585453e-10	0	1.00000118038187	1	7	0	1
YLR043C	P22217	TRX1	11.23485	deletion	0	0	0	1.0793347461681e-09	0	1.00000113206545	1	23	0	1
YLR174W	P41939	IDP2	46.56172	deletion	0	0	0	2.1206109630808e-09	0	1.00000200925679	1	5	0	1
YLR304C	P19414	ACO1	85.36736	deletion	0	0	0	1.15650811044242e-09	0	1.00000200914286	1	8	0	1
YLR355C	P06168	ILV5	44.36792	deletion	0	0	0	1.98178302715621e-09	0	1.00000189975916	1	7	0	1
YMR062C	Q04728	ARG7	47.84821	deletion	0	0	0	2.08289284085565e-09	0	1.0000020186087	1	9	0	1
YMR246W	P47912	FAA4	77.26612	deletion	0	0	0	1.37138923182408e-09	0	1.00000208240539	1	48	0	1
YNL104C	P06208	LEU4	68.40819	deletion	0	0	0	7.37494978748462e-10	0	1.00000152020461	1	13	0	1
YNR001C	P00890	CIT1	53.35945	deletion	0	0	0	1.46111442668068e-10	0	1.00000108821518	1	7	0	1
YOL064C	P32179	MET22	39.14886	deletion	0	0	0	3.43540702234488e-10	0	1.00000114546502	1	4	0	1
YOR184W	P33330	SER1	43.41501	deletion	0	0	0	2.16593337403497e-09	0	1.00000196170098	1	4	0	1
YOR317W	P30624	FAA1	77.86529	deletion	0	0	0	1.36030298062581e-09	0	1.0000020819847	1	52	0	1
YOR388C	Q08911	FDH1	41.7138	deletion	0	0	0	1.75911130988438e-09	0	1.00000175241767	1	4	0	1
YPR001W	P43635	CIT3	53.81073	deletion	0	0	0	1.44625915106917e-10	0	1.00000108807339	1	9	0	1
YPR167C	P18408	MET16	30.3799	deletion	0	0	0	1.08980072415878e-09	0	1.00000134456345	1	7	0	1
YLR446W	Q06204	YLR446W	48.96875	deletion	0	0	0	2.01895539987682e-09	0	1.00000201053722	1	20	0	1
YJL200C	P39533	ACO2	86.58224	deletion	0	0	0	1.15094687235026e-09	0	1.00000201849592	1	7	0	1
YHR163W	P38858	SOL3	27.78417	OE	1000	2	0	1.35034922096765e-07	1.21679231192521e-07	1.00008787778552	0	5	2	2
YHR183W	P38720	GND1	53.54274	OE	1000	2	0	3.70971324655354e-08	3.34283438512132e-08	1.00001007275115	0	6	3	2
YOL086C	P00330	ADH1	36.84874	OE	1000	2	4.96998823147353e-07	5.06025295775102e-07	5.03734383151879e-07	1.00009526798125	0	21	1	2
YAL038W	P00549	CDC19	54.54404	OE	3.52811398713783	2	2.11432851363646e-06	2.26768735621446e-06	2.26746722492226e-06	1.00062728935416	0	6	4	2
YGR254W	P00924	ENO1	46.81564	OE	3.52811398713783	2	2.08649149291338e-06	2.28931036640627e-06	2.28718153171697e-06	1.00054322464332	0	5	5	2
YJL052W	P00360	TDH1	35.74956	OE	1.2640517240345	2	1.81359388788058e-05	1.81424618916794e-05	1.81396999236686e-05	1.00328484854422	0	8	6	2
YLR354C	P15019	TAL1	37.0359	OE	1.23475513840526	2	3.5077791002518e-06	3.51228528704628e-06	3.50959431225485e-06	1.00065921312257	0	6	7	2
YLL052C		AQY2	NaN	deletion	0.101879301516867	0	NaN	NaN	NaN	1.00000100925536	0	2	8	2
YOR222W		ODC2	NaN	deletion	0.0677801245542855	0	NaN	NaN	NaN	1.00000100925536	0	6	10	2
YPL134C		ODC1	NaN	deletion	0.0677801245542855	0	NaN	NaN	NaN	1.00000100925536	0	6	10	2
YGL080W		MPC1	NaN	deletion	0.0677469371389062	0	NaN	NaN	NaN	1.00000100925533	0	4	11	2
YGR243W		MPC3	NaN	deletion	0.0677469371389062	0	NaN	NaN	NaN	1.00000100925536	0	4	11	2
YHR162W		MPC2	NaN	deletion	0.0677469371389062	0	NaN	NaN	NaN	1.00000100925536	0	4	11	2
YMR189W	P49095	GCV2	114.45033	deletion	0.050325	0	0	1.15586585282621e-10	0	1.00000114189815	0	18	12	2
YER053C		PIC2	NaN	deletion	0.0217165180484743	0	NaN	NaN	NaN	1.00000100925536	0	4	14	2
YAL062W	P39708	GDH3	49.62653	deletion	0	0	0	1.66767962836306e-09	0	1.00000184743505	0	8	15	2
YBR218C	P32327	PYC2	130.16549	deletion	0	0	0	2.61087354892649e-10	0	1.00000135344064	0	8	17	2
YDR384C		ATO3	NaN	deletion	0	0	NaN	NaN	NaN	1.00000100925536	0	2	18	2
YER070W	P21524	RNR1	99.56021	deletion	0	0	0	1.00595475779426e-09	0	1.00000202357505	0	24	19	2
YFR053C	P04806	HXK1	53.73784	deletion	0	0	0	2.29254533818292e-09	0	1.00000225695124	0	12	21	2
YGL062W	P11154	PYC1	130.09827	deletion	0	0	0	2.61104102993384e-10	0	1.00000135328497	0	8	17	2
YGL184C	P53101	STR3	51.82796	deletion	0	0	0	1.65184350299906e-09	0	1.00000187630431	0	6	23	2
YGL253W	P04807	HXK2	53.9419	deletion	0	0	0	2.00717336670563e-09	0	1.00000210578841	0	12	21	2
YGR121C		MEP1	NaN	deletion	0	0	NaN	NaN	NaN	1.00000100925536	0	2	18	2
YGR180C	P49723	RNR4	40.05407	deletion	0	0	0	2.58031537796948e-09	0	1.00000205597421	0	24	19	2
YIL066C	P21672	RNR3	97.51369	deletion	0	0	0	1.02738069855667e-09	0	1.00000202388512	0	24	19	2
YJL026W	P09938	RNR2	46.14681	deletion	0	0	0	2.22874628666519e-09	0	1.00000205088402	0	24	19	2
YLR155C	P0CZ17	ASP3-1	38.6862	deletion	0	0	0	2.14256998416982e-09	0	1.00000184871862	0	5	24	2
YLR157C	P0CX77	ASP3-2	38.6862	deletion	0	0	0	2.14256998416982e-09	0	1.00000184871862	0	5	24	2
YLR158C	P0CX78	ASP3-3	38.6862	deletion	0	0	0	2.14256998416982e-09	0	1.00000184871862	0	5	24	2
YLR160C	P0CX79	ASP3-4	38.6862	deletion	0	0	0	2.14256998416982e-09	0	1.00000184871862	0	5	24	2
YNL142W		MEP2	NaN	deletion	0	0	NaN	NaN	NaN	1.00000100925536	0	2	18	2
YOR375C	P07262	GDH1	49.56931	deletion	0	0	0	1.6691291001101e-09	0	1.00000184719629	0	8	15	2
YPR138C		MEP3	NaN	deletion	0	0	NaN	NaN	NaN	1.00000100925536	0	2	18	2
YFR055W	P43623	IRC7	36.97108	deletion	0	0	0	2.19148126052156e-09	0	1.00000182981566	0	6	23	2
YMR145C	P40215	NDE1	62.77345	deletion	0.0447086365547424	0	0	8.9388497962577e-08	0	1.00005783802356	0	6	13	3
