genes	enzymes	shortNames	MWs	actions	k_scores	OE	minUsage	maxUsage	pUsage
YKR039W		GAP1	NaN	1	1000	2	0	0	0
YOR348C		PUT4	NaN	1	1000	2	0	0	0
YER023W	P32263	PRO3	30.13145	2	46.0486943054495	2	2.92823859055105e-07	2.92827199154728e-07	2.92823859055105e-07
YLR438W	P07991	CAR2	46.08557	2	46.0459297716103	2	2.08719421569526e-06	2.08753947922362e-06	2.08721602388175e-06
YBR117C	P33315	TKL2	75.02862	1	37.9465173929819	2	0	0.00105141668901235	0
YPR074C	P23254	TKL1	73.80488	1	32.0521319712581	2	0	0.00106884938808794	1.13791368503773e-06
YLR174W	P41939	IDP2	46.56172	1	28.810264688641	2	3.49839205270664e-06	0.00169592722521443	3.49892881811195e-06
YKL029C	P36013	MAE1	74.37529	2	23.5038067338081	2	1.52549168005188e-06	1.52588090180528e-06	1.5255075235645e-06
YER069W	Q01217	ARG5,6	94.86823	2	23.3818978962238	2	5.30943615439152e-05	5.31030917782836e-05	5.30949129794148e-05
YMR062C	Q04728	ARG7	47.84821	1	23.3818978962238	2	1.16512504073245e-05	0.00165857516728707	1.16513714166566e-05
YOR130C		ORT1	NaN	1	23.3818978962238	2	0	0	0
YOL140W	P18544	ARG8	46.68082	2	23.3818978962238	2	0.000131879329544465	0.000131901014285217	0.00013188069923706
YPR021C		AGC1	NaN	1	16.7183176286243	2	0	0	0
YOL126C	P22133	MDH2	40.7305	1	15.2868859641556	2	4.80204548823399e-08	0.00193477356073586	4.80207026102737e-08
YJL121C	P46969	RPE1	25.96689	1	8.47459028436261	2	6.91597735041878e-07	0.00303541441991867	6.91771788305222e-07
YKL085W	P17505	MDH1	35.64959	1	7.57240503096439	2	1.1014859897481e-06	0.00221157060980096	1.10152716567798e-06
YNR001C	P00890	CIT1	53.35945	2	7.57240503096439	2	0	1.48433350004332e-06	1.48428920653043e-06
YPR001W	P43635	CIT3	53.81073	1	7.57240503096439	2	0	1.48433350004371e-06	0
YBR218C	P32327	PYC2	130.16549	1	6.84958974786158	2	0	7.02017262636329e-06	0
YGL062W	P11154	PYC1	130.09827	2	6.84958974786158	2	0	7.02017262636193e-06	7.01933874883133e-06
YNL036W	P53615	NCE103	24.85889	1	4.64038642141721	2	0	0.0031699849760885	4.57081568817245e-10
YGR248W	P53315	SOL4	28.44737	1	4.59909958208372	2	0	1.20758563797507e-05	0
YGR256W	P53319	GND2	53.92235	1	4.59909958208372	2	0	3.31754133719998e-06	0
YHR163W	P38858	SOL3	27.78417	2	4.59909958208372	2	0	1.20758563797507e-05	1.20756905915512e-05
YHR183W	P38720	GND1	53.54274	2	4.59909958208372	2	0	3.31754133719906e-06	3.31749579101588e-06
YNL241C	P11412	ZWF1	57.5209	2	4.59909958208372	2	1.9078245309164e-07	1.9083189406826e-07	1.90829280800166e-07
YBR221C	P32473	PDB1	40.0532	2	3.77276583177793	2	3.1169828195969e-06	3.11712878582133e-06	3.11703924820219e-06
YER178W	P16387	PDA1	46.34261	2	3.77276583177793	2	3.1169828195969e-06	3.11712878582133e-06	3.11703924820219e-06
YGR193C	P16451	PDX1	45.36125	2	3.77276583177793	2	3.1169828195969e-06	3.11712878582133e-06	3.11703924820219e-06
YNL071W	P12695	LAT1	51.81762	2	3.77276583177793	2	3.1169828195969e-06	3.11712878582133e-06	3.11703924820219e-06
YOR095C	Q12189	RKI1	28.25777	1	2.46156750648113	2	4.39778381347217e-06	0.00279309218322493	4.39881282529888e-06
YAL038W	P00549	CDC19	54.54404	2	2.38905583443074	2	0	1.96320666596643e-06	1.96317969467505e-06
YOR347C	P52489	PYK2	55.19478	1	2.38905583443074	2	0	1.96320667179426e-06	0
YGR254W	P00924	ENO1	46.81564	1	2.22685074066746	2	0	0.00168524733786153	1.99776702790534e-06
YHR174W	P00925	ENO2	46.91368	1	2.22685074066746	2	0	0.00168172337359121	0
YKL152C	P00950	GPM1	27.60828	1	2.22685074066746	2	0	0.00285482186310166	0
YMR323W	P42222	ERR3	47.31216	1	2.22685074066746	2	0	0.00166755858468624	0
YOR393W	P0CX10	ERR1	47.32712	1	2.22685074066746	2	0	0.00166703358689606	0
YPL281C	P0CX11	ERR2	47.32712	1	2.22685074066746	2	0	0.00166703358689606	0
YOR283W	Q12040	YOR283W	26.17622	1	2.22685074066746	2	0	0.00301100917792011	5.51604561859446e-07
YML120C	P32340	NDI1	57.24915	1	1.63079650301449	2	0	8.14810077307109e-05	8.97323227924493e-07
YDR384C		ATO3	NaN	1	1.53882452388396	2	0	0	0
YGR121C		MEP1	NaN	1	1.53882452388396	2	0	0	0
YNL142W		MEP2	NaN	1	1.53882452388396	2	0	0	0
YPR138C		MEP3	NaN	1	1.53882452388396	2	0	0	0
YCR012W	P00560	PGK1	44.73787	1	1.19133353763916	2	8.98962282380731e-07	0.00176232134930375	8.98962282380754e-07
YGR192C	P00359	TDH3	35.74626	1	1.19133353763916	2	0	0.00222112791369701	0
YJL052W	P00360	TDH1	35.74956	1	1.19133353763916	2	0	0.00222092291021523	1.6637001233225e-05
YJR009C	P00358	TDH2	35.84645	1	1.19133353763916	2	0	0.00221492547049154	0
YDR050C	P00942	TPI1	26.79508	1	1.10784298663831	2	2.56056159336078e-08	0.00294094911523674	2.56056493805127e-08
YGR240C	P16861	PFK1	107.96906	1	1.10079762781006	2	0	3.46117578900829e-07	0
YKL060C	P14540	FBA1	39.62024	1	1.10079762781006	2	0	0.0019912110036906	0
YMR205C	P16862	PFK2	104.61673	2	1.10079762781006	2	3.46101331013898e-07	6.22429441081443e-07	6.22400777650184e-07
YDR516C	Q04409	EMI2	55.92028	2	1.00040630871203	2	1.15147108604766e-08	1.86180097411752e-07	1.86121169990768e-07
YBL039C	P28274	URA7	64.70953	0	0.147906768541318	0	0	2.16372853473534e-08	0
YJR103W	P38627	URA8	64.50989	0	0.147906768541318	0	0	2.16372853474019e-08	2.14882689014048e-08
YER141W	P40086	COX15	54.65792	0	0.145891666666667	0	0	2.3847993981e-13	2.3847993981e-13
YBR029C	P38221	CDS1	51.82218	0	0.142012737760068	0	3.81514552800587e-08	0.00152066714128751	3.81531039063518e-08
YER070W	P21524	RNR1	99.56021	0	0.138393773908786	0	0	2.52974490380306e-07	0
YIL066C	P21672	RNR3	97.51369	0	0.138393773908786	0	0	2.52974490378595e-07	0
YJL026W	P09938	RNR2	46.14681	0	0.138393773908786	0	0	2.52974490376961e-07	0
YGL080W		MPC1	NaN	0	0.137525775485224	0	0	0	0
YGR243W		MPC3	NaN	0	0.137525775485224	0	0	0	0
YHR162W		MPC2	NaN	0	0.137525775485224	0	0	0	0
YGR180C	P49723	RNR4	40.05407	0	0.136609087640095	0	0	2.5297449038036e-07	1.81257742112201e-07
YOR175C	Q08548	ALE1	72.22714	0	0.134081712412518	0	8.0298594844388e-09	1.15354845048266e-08	1.15008094671768e-08
YDL022W	Q00055	GPD1	42.8683	0	0.118159663275189	0	0	0.00011180130284335	3.43497680446498e-09
YDL052C	P33333	SLC1	33.88654	0	0.117806613957503	0	0	1.56314568488681e-06	0
YCR048W	P25628	ARE1	71.61215	0	0.114117491991918	0	0	0.00110040384574303	1.02030632497861e-11
YDR503C	Q04396	LPP1	31.58604	0	0.10787134181304	0	0	5.36001145900601e-10	4.9474106999704e-10
YNR019W	P53629	ARE2	74.022	0	0.107676212105143	0	0	0.00106457998067239	0
YDL066W	P21954	IDP1	48.18986	0	0.0907375000000001	0	2.04357948425463e-07	2.06220650249753e-07	2.05103029159026e-07
YDR148C	P19262	KGD2	50.43011	0	0.0907375	0	0	6.55816241809273e-07	3.513718294128e-12
YIL125W	P20967	KGD1	114.41496	0	0.0907375	0	0	6.55816241809273e-07	3.513718294128e-12
YOR245C	Q08650	DGA1	47.71075	0	0.0852643181577145	0	0	5.45220187013419e-08	0
YAL044C	P39726	GCV3	18.79276	0	0.0559335245740599	0	1.10793333123404e-08	5.94351650151498e-08	1.10797307764057e-08
YDR019C	P48015	GCV1	44.46849	0	0.0559335245740599	0	1.10793333123404e-08	5.94351650151498e-08	1.10797307764057e-08
YMR189W	P49095	GCV2	114.45033	0	0.0559335245740401	0	1.10793333123404e-08	5.94351650151498e-08	1.10797307763252e-08
YMR145C	P40215	NDE1	62.77345	0	0.0417956074727774	0	0	7.03261921877159e-05	0
YDL085W	Q07500	NDE2	61.65854	0	0.0417956074727774	0	0	7.03952032694423e-05	2.64115712488585e-07
YGR208W	P42941	SER2	34.20684	0	0.0337476591009975	0	2.85908492815977e-08	2.86039428721056e-08	2.85908492816432e-08
YER081W	P40054	SER3	51.1927	0	0.0337476591009975	0	0	7.39471056851863e-08	0
YIL074C	P40510	SER33	51.18777	0	0.0337476591009975	0	0	7.39471056851728e-08	7.39132560470657e-08
YOR184W	P33330	SER1	43.41501	0	0.0337476591009975	0	9.23170920941744e-06	9.23593742890633e-06	9.23170920943074e-06
YLR058C	P37291	SHM2	52.21793	0	0.0250998255942947	0	2.61503863738055e-06	0.00151172096832614	2.61511384592898e-06
YOR388C	Q08911	FDH1	41.7138	0	0.0213543076772889	0	1.17998523472903e-06	1.18066031161888e-06	1.18002162598532e-06
YBR263W	P37292	SHM1	53.68589	0	0.021129479960599	0	1.15270831477673e-06	0.00146899326023207	1.15274401513016e-06
