genes	enzymes	shortNames	MWs	actions	k_scores	OE	minUsage	maxUsage	pUsage	foldChange	unique	conectivity	groups	priority
YER023W	P32263	PRO3	30.13145	OE	46.0486943054495	2	2.92823859055105e-07	2.92827199154728e-07	2.92823859055105e-07	1.000001000001	1	6	0	1
YLR438W	P07991	CAR2	46.08557	OE	46.0459297716103	2	2.08719421569526e-06	2.08753947922362e-06	2.08721602388175e-06	1.000001000001	1	4	0	1
YLR174W	P41939	IDP2	46.56172	OE	28.810264688641	2	3.49839205270664e-06	0.00169592722521443	3.49892881811195e-06	1.00000100000101	1	5	0	1
YKL029C	P36013	MAE1	74.37529	OE	23.5038067338081	2	1.52549168005188e-06	1.52588090180528e-06	1.5255075235645e-06	1.000001000001	1	7	0	1
YER069W	Q01217	ARG5,6	94.86823	OE	23.3818978962238	2	5.30943615439152e-05	5.31030917782836e-05	5.30949129794148e-05	1.000001000001	1	9	0	1
YMR062C	Q04728	ARG7	47.84821	OE	23.3818978962238	2	1.16512504073245e-05	0.00165857516728707	1.16513714166566e-05	1.000001000001	1	9	0	1
YOL140W	P18544	ARG8	46.68082	OE	23.3818978962238	2	0.000131879329544465	0.000131901014285217	0.00013188069923706	1.000001000001	1	4	0	1
YOL126C	P22133	MDH2	40.7305	OE	15.2868859641556	2	4.80204548823399e-08	0.00193477356073586	4.80207026102737e-08	1.00000100000103	1	5	0	1
YJL121C	P46969	RPE1	25.96689	OE	8.47459028436261	2	6.91597735041878e-07	0.00303541441991867	6.91771788305222e-07	1.00000100000088	1	2	0	1
YKL085W	P17505	MDH1	35.64959	OE	7.57240503096439	2	1.1014859897481e-06	0.00221157060980096	1.10152716567798e-06	1.00000100000111	1	5	0	1
YNL241C	P11412	ZWF1	57.5209	OE	4.59909958208372	2	1.9078245309164e-07	1.9083189406826e-07	1.90829280800166e-07	1.000001000001	1	5	0	1
YOR095C	Q12189	RKI1	28.25777	OE	2.46156750648113	2	4.39778381347217e-06	0.00279309218322493	4.39881282529888e-06	1.00000100000101	1	2	0	1
YCR012W	P00560	PGK1	44.73787	OE	1.19133353763916	2	8.98962282380731e-07	0.00176232134930375	8.98962282380754e-07	1.00000100000041	1	4	0	1
YDR050C	P00942	TPI1	26.79508	OE	1.10784298663831	2	2.56056159336078e-08	0.00294094911523674	2.56056493805127e-08	1.00000099999563	1	2	0	1
YMR205C	P16862	PFK2	104.61673	OE	1.10079762781006	2	3.46101331013898e-07	6.22429441081443e-07	6.22400777650184e-07	1.000001000001	1	9	0	1
YDR516C	Q04409	EMI2	55.92028	OE	1.00040630871203	2	1.15147108604766e-08	1.86180097411752e-07	1.86121169990768e-07	1.000001000001	1	4	0	1
YDL052C	P33333	SLC1	33.88654	deletion	0.117806613957503	0	0	1.56314568488681e-06	0	1.00000100000101	1	28	0	1
YNR019W	P53629	ARE2	74.022	deletion	0.107676212105143	0	0	0.00106457998067239	0	1.000001000001	1	84	0	1
YOR245C	Q08650	DGA1	47.71075	deletion	0.0852643181577145	0	0	5.45220187013419e-08	0	1.00000100000101	1	122	0	1
YPR074C	P23254	TKL1	73.80488	OE	32.0521319712581	2	0	0.00106884938808794	1.13791368503773e-06	1.00000100000104	0	10	1	2
YGL062W	P11154	PYC1	130.09827	OE	6.84958974786158	2	0	7.02017262636193e-06	7.01933874883133e-06	1.000001000001	0	8	2	2
YHR163W	P38858	SOL3	27.78417	OE	4.59909958208372	2	0	1.20758563797507e-05	1.20756905915512e-05	1.000001000001	0	5	3	2
YHR183W	P38720	GND1	53.54274	OE	4.59909958208372	2	0	3.31754133719906e-06	3.31749579101588e-06	1.000001000001	0	6	4	2
YBR221C	P32473	PDB1	40.0532	OE	3.77276583177793	2	3.1169828195969e-06	3.11712878582133e-06	3.11703924820219e-06	1.000001000001	0	6	5	2
YAL038W	P00549	CDC19	54.54404	OE	2.38905583443074	2	0	1.96320666596643e-06	1.96317969467505e-06	1.000001000001	0	6	6	2
YGR254W	P00924	ENO1	46.81564	OE	2.22685074066746	2	0	0.00168524733786153	1.99776702790534e-06	1.00000100000101	0	5	7	2
YJL052W	P00360	TDH1	35.74956	OE	1.19133353763916	2	0	0.00222092291021523	1.6637001233225e-05	1.00000100000103	0	8	8	2
YGL080W		MPC1	NaN	deletion	0.137525775485224	0	0	0	0	1.000001000001	0	4	11	2
YGR243W		MPC3	NaN	deletion	0.137525775485224	0	0	0	0	1.000001000001	0	4	11	2
YHR162W		MPC2	NaN	deletion	0.137525775485224	0	0	0	0	1.000001000001	0	4	11	2
YBL039C	P28274	URA7	64.70953	deletion	0.147906768541318	0	0	2.16372853473534e-08	0	1.00000100000101	0	12	9	3
YER070W	P21524	RNR1	99.56021	deletion	0.138393773908786	0	0	2.52974490380306e-07	0	1.00000100000101	0	24	10	3
YIL066C	P21672	RNR3	97.51369	deletion	0.138393773908786	0	0	2.52974490378595e-07	0	1.000001000001	0	24	10	3
YJL026W	P09938	RNR2	46.14681	deletion	0.138393773908786	0	0	2.52974490376961e-07	0	1.00000100000101	0	24	10	3
YMR145C	P40215	NDE1	62.77345	deletion	0.0417956074727774	0	0	7.03261921877159e-05	0	1.00000100000101	0	6	13	3
YER081W	P40054	SER3	51.1927	deletion	0.0337476591009975	0	0	7.39471056851863e-08	0	1.00000100000101	0	6	14	3
