genes	enzymes	shortNames	MWs	actions	k_scores	OE	minUsage	maxUsage	pUsage	foldChange	unique	conectivity	groups	priority
YBR006W	P38067	UGA2	54.18854	2	1000	2	1.08041731173134e-05	1.11132527436973e-05	1.08155522108239e-05	1.00387368607555	1	6	0	1
YBR084W	P09440	MIS1	106.21642	2	1000	2	2.39475996785733e-08	2.5946594966822e-08	2.40998740419678e-08	1.00001398627801	1	12	0	1
YDR300C	P32264	PRO1	47.16164	2	1000	2	1.08713769222275e-07	1.09502108741854e-07	1.0902612724658e-07	1.00002708549588	1	4	0	1
YER065C	P28240	ICL1	62.40816	2	1000	2	5.75755511235118e-06	6.16295610065317e-06	6.15185657705197e-06	1.00199605726849	1	3	0	1
YFL030W	P43567	AGX1	41.90679	2	1000	2	5.80151485764123e-07	6.20989274782897e-07	6.19880571011133e-07	1.00013259442555	1	4	0	1
YGR019W	P17649	UGA1	52.94565	2	1000	2	1.58553972065521e-05	1.63089793715406e-05	1.58720963138154e-05	1.00557221442406	1	4	0	1
YKL106W	Q01802	AAT1	51.79484	2	1000	2	9.74310409774712e-07	9.76236754671348e-07	9.74475163037452e-07	1.00025712400369	1	6	0	1
YMR250W	Q04792	GAD1	65.98926	2	1000	2	4.12037194400819e-06	4.23824600210404e-06	4.12471235732395e-06	1.00178397786401	1	4	0	1
YOR323C	P54885	PRO2	49.73991	2	1000	2	1.40925323164963e-08	1.41952889091156e-08	1.41330231905917e-08	1.00000456631714	1	6	0	1
YPL111W	P00812	CAR1	35.66162	2	1000	2	0.00209530949545327	0.00209531368607837	0.00209530949545327	1.43675185811396	1	4	0	1
YOL058W	P22768	ARG1	46.92715	2	120.595885048097	2	3.28632557525472e-05	3.28674361026429e-05	3.28632557525472e-05	1.00788632967819	1	7	0	1
YHR018C	P04076	ARG4	51.9886	2	120.595885048097	2	1.93500552918013e-07	1.9729168300793e-07	1.93500552918013e-07	1.00005203795885	1	3	0	1
YJL088W	P05150	ARG3	37.84479	2	120.595885048097	2	6.91409738152599e-06	6.9141182189842e-06	6.91409738152599e-06	1.0013302240768	1	5	0	1
YJR051W	P21375	OSM1	55.06455	2	108.135250550639	2	4.95552899498777e-07	4.99596559911369e-07	4.95881540940819e-07	1.00013959698592	1	5	0	1
YPL262W	P08417	FUM1	53.15125	2	83.7575504293513	2	8.6363911426538e-07	8.67522161683983e-07	8.63745086700297e-07	1.00023399746679	1	6	0	1
YOR303W	P07258	CPA1	45.36103	2	78.6427982878707	2	2.13388327336826e-07	2.13391549870332e-07	2.13388327336826e-07	1.00005010835449	0	9	1	1
YKL085W	P17505	MDH1	35.64959	2	28.1353499371126	2	4.68825167709841e-06	4.69682145382748e-06	4.68882332159177e-06	1.00084999917893	1	5	0	1
YPR035W	P32288	GLN1	41.7656	2	26.2891925945552	2	1.08420868196596e-05	1.08425420636475e-05	1.08420868196597e-05	1.0023035093626	1	7	0	1
YLR174W	P41939	IDP2	46.56172	2	25.7808369475025	2	4.32143009024769e-06	4.44123975127342e-06	4.32584197894566e-06	1.00130423367871	1	5	0	1
YNR001C	P00890	CIT1	53.35945	2	9.25843052815163	2	1.92338144600424e-06	2.37029913786625e-06	2.35952179008498e-06	1.00064910275739	1	7	0	1
YLR044C	P06169	PDC1	61.49468	2	7.58942253837542	2	1.01751725773889e-06	1.02777678003577e-06	1.02757041851152e-06	1.0003211353311	0	17	2	1
YPL061W	P54115	ALD6	54.41344	2	7.51405507293507	2	6.17879319260568e-06	6.77398711077046e-06	6.77263906084535e-06	1.00185724137823	1	8	0	1
YHR137W	P38840	ARO9	58.52706	2	5.79830843781475	2	6.62673191547816e-08	7.3837863075974e-08	7.05845456975938e-08	1.00002192857898	1	13	0	1
YML120C	P32340	NDI1	57.24915	2	5.34675469842216	2	3.27903287837051e-06	3.28319695993431e-06	3.28086685138779e-06	1.00095520865744	1	5	0	1
YBR221C	P32473	PDB1	40.0532	2	4.5953790936573	2	4.88471872697803e-06	4.90807397915832e-06	4.88628798833502e-06	1.00102046658627	0	6	3	1
YMR267W	P28239	PPA2	35.57213	2	2.72302152373593	2	2.39643291728601e-06	2.39709085386847e-06	2.39698032553383e-06	1.0004337382769	1	4	0	1
YAL038W	P00549	CDC19	54.54404	2	2.61184349827026	2	1.93288940695218e-06	2.23582799404857e-06	2.23547528401887e-06	1.00061965905821	0	6	4	1
YGR254W	P00924	ENO1	46.81564	2	2.43348040276079	2	1.87580306875861e-06	2.27690336815212e-06	2.27243006879517e-06	1.00054077805024	0	5	5	1
YOR283W	Q12040	YOR283W	26.17622	2	2.43348040276079	2	6.13186257273488e-07	6.3504968883823e-07	6.27441926383313e-07	1.0000843324662	1	4	0	1
YOR375C	P07262	GDH1	49.56931	2	2.09953610382936	2	9.28912654222259e-06	1.27399690651737e-05	1.27372450201664e-05	1.00321204674169	0	8	6	1
YGR183C	P22289	QCR9	7.47622	2	1.72824431142676	2	2.03303455486014e-05	2.03844366859233e-05	2.0331423984275e-05	1.00077276386418	0	6	7	1
YDL067C	P07255	COX9	6.96313	2	1.72824431142676	2	6.44943519355045e-06	6.46659309328218e-06	6.4497774238443e-06	1.0002289018088	0	7	10	1
YMR256C	P10174	COX7	6.9323	2	1.72824431142676	2	6.4494352912106e-06	6.46659228323131e-06	6.4497774238443e-06	1.00022789252035	0	7	9	1
Q0080	P00856	ATP8	5.82221	2	1.67569122678254	2	2.45774792756724e-05	2.46208509486319e-05	2.45780228794543e-05	1.00072748438057	0	7	11	1
YOL077W-A	P81451	ATP19	7.53367	2	1.67569122678254	2	2.45774792756724e-05	2.46208509486319e-05	2.45780228794543e-05	1.00094122992641	1	4	0	1
YLR354C	P15019	TAL1	37.0359	2	1.34137473491543	2	3.49526352823261e-06	3.50445671223707e-06	3.49739807108681e-06	1.0006584512843	0	6	12	1
YDR050C	P00942	TPI1	26.79508	2	1.29541711258408	2	3.02384072519054e-08	3.76075746724137e-08	3.02447596099809e-08	1.00000511238205	1	2	0	1
YMR205C	P16862	PFK2	104.61673	2	1.28698850240474	2	7.28745315708605e-07	7.35217268289715e-07	7.34967416541516e-07	1.00039117381862	1	9	0	1
YJL052W	P00360	TDH1	35.74956	2	1.28446128825193	2	1.80175137116247e-05	1.80304388733668e-05	1.80227056636477e-05	1.00327007794943	0	8	13	1
YCR012W	P00560	PGK1	44.73787	2	1.28446128825193	2	9.73686857913416e-07	9.78364236061623e-07	9.73837315448023e-07	1.00022205284334	1	4	0	1
YBR196C	P12709	PGI1	61.29832	2	1.26198606596723	2	3.9128063720264e-07	3.95131779785745e-07	3.91631171583128e-07	1.000122877035	1	2	0	1
YDR516C	Q04409	EMI2	55.92028	2	1.00066848778598	2	1.85345534485067e-07	1.86188390699556e-07	1.86178186178e-07	1.00005381755198	1	4	0	1
YCL040W	P17709	GLK1	55.37689	0	0	0	0	4.36925979438393e-09	0	1.00000222748561	1	6	0	1
YDL066W	P21954	IDP1	48.18986	0	0	0	0	1.46251391247076e-09	0	1.00000135754907	1	5	0	1
YGR208W	P42941	SER2	34.20684	0	0	0	0	2.57342758464195e-11	0	1.00000100446585	1	4	0	1
YLR438W	P07991	CAR2	46.08557	0	0	0	0	3.69434339736591e-11	0	1.00000100863738	1	4	0	1
YMR246W	P47912	FAA4	77.26612	0	0	0	0	2.76811188947311e-09	0	1.00000208495947	1	48	0	1
YOL126C	P22133	MDH2	40.7305	0	0	0	0	5.25380338414162e-09	0	1.0000020855113	1	5	0	1
YOR184W	P33330	SER1	43.41501	0	0	0	0	8.30975626427295e-09	0	1.00000283024054	1	4	0	1
YOR317W	P30624	FAA1	77.86529	0	0	0	0	2.7448768522512e-09	0	1.00000208429324	1	52	0	1
YLR446W	Q06204	YLR446W	48.96875	0	0	0	0	4.03008037481171e-09	0	1.00000200118125	1	20	0	1
YER070W	P21524	RNR1	99.56021	0	0	0	0	2.0135432440031e-09	0	1.00000201701355	0	24	18	2
YER081W	P40054	SER3	51.1927	0	0	0	0	6.59260589049583e-11	0	1.00000101712163	0	6	19	2
YFR053C	P04806	HXK1	53.73784	0	0	0	0	4.51299416501851e-09	0	1.00000223033947	0	12	20	2
YGL253W	P04807	HXK2	53.9419	0	0	0	0	4.00636574039197e-09	0	1.00000209636916	0	12	20	2
YGR180C	P49723	RNR4	40.05407	0	0	0	0	5.17546717754112e-09	0	1.00000205166202	0	24	18	2
YIL066C	P21672	RNR3	97.51369	0	0	0	0	2.05729804892702e-09	0	1.00000201775392	0	24	18	2
YIL074C	P40510	SER33	51.18777	0	0	0	0	6.6531792163023e-11	0	1.00000101727728	0	6	19	2
YJL026W	P09938	RNR2	46.14681	0	0	0	0	4.47975626017088e-09	0	1.00000204875984	0	24	18	2
YBR218C	P32327	PYC2	130.16549	0	0.14140805802312	0	0	2.67184760525458e-07	0	1.00017743612947	0	8	14	3
YBL039C	P28274	URA7	64.70953	0	0.133931198022571	0	0	1.96258461489766e-08	0	1.00000744282917	0	12	15	3
YGR248W	P53315	SOL4	28.44737	0	0.00751162166557329	0	0	3.8144230345754e-08	0	1.00000650491932	0	5	16	3
YGR256W	P53319	GND2	53.92235	0	0.00751162166557329	0	0	1.17495210225517e-08	0	1.00000421417082	0	6	17	3
