genes	enzymes	shortNames	MWs	actions	k_scores	EV_type	OE	minUsage	maxUsage	pUsage	unique	conectivity	groups	priority	foldChange_yield	foldChange_pRate	FCC
YPL111W	P00812	CAR1	35.66162	OE	1000	tightly_const	2	0.00191582419306734	0.00191582589754519	0.00191582419306734	1	4	0	1	1.67743686188722	1.72386371374978	0.837649931875495
YOL058W	P22768	ARG1	46.92715	OE	115.170138134251	tightly_const	2	3.0120136080926e-05	3.01227461188456e-05	3.0120136080926e-05	1	7	0	1	1.01084095546602	1.01125231111921	0.0172800480451331
YJL088W	P05150	ARG3	37.84479	OE	115.170138134251	tightly_const	2	6.33697268391296e-06	6.33697829619303e-06	6.33697268391296e-06	1	5	0	1	1.00182678000307	1.00189545506158	0
YPR035W	P32288	GLN1	41.7656	OE	25.2225779179102	tightly_const	2	1.00219286473203e-05	1.00220628164496e-05	1.00219286473203e-05	1	7	0	1	0.973311750513845	1.03011070862864	0
YAL038W	P00549	CDC19	54.54404	OE	2.47156367404337	essential	2	1.3662677382709e-06	1.55730109485212e-06	1.5572925128124e-06	0	6	5	1	1.03587941420734	1.10515072126316	0.0106286616370654
YOR375C	P07262	GDH1	49.56931	OE	2.1283763168462	essential	2	1.39787207858102e-05	1.61519243648895e-05	1.61511653104641e-05	0	8	7	1	1.02793316935571	1.02901169607357	0
Q0105	P00163	COB	43.65549	OE	1.84695793277849	tightly_const	2	2.09963807929296e-05	2.09964530591605e-05	2.09964439141636e-05	0	6	8	1	1.02457330364305	1.02551888214717	0
Q0045	P00401	COX1	58.79755	OE	1.84695793277844	tightly_const	2	6.66072297986479e-06	6.66120426448086e-06	6.66074299780114e-06	0	7	9	1	1.01049725491747	1.01089542842323	0
YBL045C	P07256	COR1	50.22724	OE	1.84695793277844	tightly_const	2	2.09963807929296e-05	2.09964530591605e-05	2.09964439141636e-05	0	6	8	1	1.02827390502267	1.02936596371862	0
YEL024W	P08067	RIP1	23.36479	OE	1.84695793277844	tightly_const	2	2.09963807929296e-05	2.09964530591605e-05	2.09964439141636e-05	0	6	8	1	1.01314976431261	1.01364990978025	0
YFR033C	P00127	QCR6	17.25682	OE	1.84695793277844	tightly_const	2	2.09963807929296e-05	2.09964530591605e-05	2.09964439141636e-05	0	6	8	1	1.00971170528779	1.01007978472549	0
YOR065W	P07143	CYT1	34.05423	OE	1.84695793277844	tightly_const	2	2.09963807929296e-05	2.09964530591605e-05	2.09964439141636e-05	0	6	8	1	1.01916738044933	1.01990089903164	0
YPR191W	P07257	QCR2	40.47764	OE	1.84695793277844	tightly_const	2	2.09963807929296e-05	2.09964530591605e-05	2.09964439141636e-05	0	6	8	1	1.02278392684961	1.02365906032137	0
Q0085	P00854	ATP6	29.09876	OE	1.77666586484608	tightly_const	2	2.6101457673371e-05	2.61018291717139e-05	2.61015028174676e-05	0	7	13	1	1.20674395291428	1.00211374007126	0
Q0130	P61829	OLI1	7.75937	OE	1.77666586484608	tightly_const	2	0.000261014604339908	0.000261019131714027	0.000261015028174676	0	7	13	1	1.24418129414991	1.03429600468333	0
YBL099W	P07251	ATP1	58.60746	OE	1.77666586484608	tightly_const	2	8.03125444806835e-06	8.03238153812296e-06	8.03125158576476e-06	0	7	13	1	1.00035299716162	1.00036616337106	0
YBR039W	P38077	ATP3	34.35021	OE	1.77666586484608	tightly_const	2	2.6101457673371e-05	2.61018291717139e-05	2.61015028174676e-05	0	7	13	1	1.21079589315806	1.00559362616583	0
YDL004W	Q12165	ATP16	17.02022	OE	1.77666586484608	tightly_const	2	2.6101457673371e-05	2.61018291717139e-05	2.61015028174676e-05	0	7	13	1	1.00033317395357	1.00034559582122	0
YDR298C	P09457	ATP5	22.81414	OE	1.77666586484608	tightly_const	2	2.6101457673371e-05	2.61018291717139e-05	2.61015028174676e-05	0	7	13	1	1.0004465620666	1.00046324195832	0
YDR377W	Q06405	ATP17	11.312	OE	1.77666586484608	tightly_const	2	2.6101457673371e-05	2.61018291717139e-05	2.61015028174676e-05	0	7	13	1	1.000221462068	1.00022968983737	0
YJR121W	P00830	ATP2	54.7932	OE	1.77666586484608	tightly_const	2	8.03125444806835e-06	8.03238153812296e-06	8.03125158576476e-06	0	7	13	1	1.00033002876525	1.00034233253702	0
YKL016C	P30902	ATP7	19.80938	OE	1.77666586484608	tightly_const	2	2.6101457673371e-05	2.61018291717139e-05	2.61015028174676e-05	0	7	13	1	1.00038775943533	1.00040223100747	0
YPL078C	P05626	ATP4	26.92481	OE	1.77666586484608	tightly_const	2	2.6101457673371e-05	2.61018291717139e-05	2.61015028174676e-05	0	7	13	1	1.20506665759367	1.00067347881317	0
YPR020W	Q12233	ATP20	12.92094	OE	1.77666586484608	tightly_const	2	2.6101457673371e-05	2.61018291717139e-05	2.61015028174676e-05	0	7	13	1	1.0002529490155	1.0002623588289	0
YLR295C	Q12349	ATP14	14.12765	OE	1.77666586484598	tightly_const	2	2.6101457673371e-05	2.61018291717139e-05	2.61015028174676e-05	0	7	13	1	1.00027656662361	1.00028686311068	0
YPL023C	P46151	MET12	73.94088	KD	0.293884450454309	subOpt_isoenz	0	0	1.40926430134096e-08	0	0	6	16	2	1.00000000000002	1.00000000000003	0
YDR502C	P19358	SAM2	42.2555	KD	0.293827460547136	subOpt_isoenz	0	0	2.94117062224243e-09	0	0	7	17	2	1.00000000000002	1.00000000000003	0
YBR218C	P32327	PYC2	130.16549	KD	0.27261619054949	subOpt_isoenz	0	0	5.14414684425796e-07	0	0	8	18	2	1	1.00000000000002	0
YBL039C	P28274	URA7	64.70953	KD	0.258201785040245	subOpt_isoenz	0	0	3.65622902523661e-08	0	0	12	19	2	0.999999999999991	1	0
YCL040W	P17709	GLK1	55.37689	KO	0	subOpt_isoenz	0	0	2.7084178410131e-09	0	1	6	0	2	1.00000000000001	1.00000000000003	0
YER081W	P40054	SER3	51.1927	KO	0	subOpt_isoenz	0	0	6.37976921961316e-08	0	0	6	21	2	1	1.00000000000002	0
YLR438W	P07991	CAR2	46.08557	KO	0	subOpt_isoenz	0	0	2.17964539113627e-11	0	1	4	0	2	1.00000000000001	1.00000000000003	0
YMR246W	P47912	FAA4	77.26612	KO	0	subOpt_isoenz	0	0	1.92644778154122e-09	0	1	48	0	2	0.999999999999989	0.999999999999999	0
YOR317W	P30624	FAA1	77.86529	KO	0	subOpt_isoenz	0	0	1.90846154440039e-09	0	1	52	0	2	1.00000000000001	1.00000000000002	0
YLR446W	Q06204	YLR446W	48.96875	KO	0	subOpt_isoenz	0	0	2.53444598103815e-09	0	1	20	0	2	1.00000000000001	1.00000000000003	0
YER070W	P21524	RNR1	99.56021	KO	0	subOpt_isoenz	0	0	1.30437551788979e-09	0	0	24	20	3	1.00000000000005	1.00000000000006	0
YFR053C	P04806	HXK1	53.73784	KO	0	subOpt_isoenz	0	0	2.81054672554308e-09	0	0	12	22	3	0.99999999999999	1	0
YGL253W	P04807	HXK2	53.9419	KO	0	subOpt_isoenz	0	0	2.48346699351503e-09	0	0	12	22	3	1.00000000000005	1.00000000000006	0
YGR180C	P49723	RNR4	40.05407	KO	0	subOpt_isoenz	0	0	3.58180919386642e-09	0	0	24	20	3	1.00000000000001	1.00000000000003	0
YIL066C	P21672	RNR3	97.51369	KO	0	subOpt_isoenz	0	0	1.33693243669047e-09	0	0	24	20	3	1.00000000000002	1.00000000000003	0
