genes	enzymes	shortNames	MWs	actions	k_scores	OE	minUsage	maxUsage	pUsage	foldChange	unique	conectivity	groups	priority
YBL015W	P32316	ACH1	58.71137	OE	1000	2	1.62557283227676e-05	1.62615142339651e-05	1.62572406042298e-05	1.00380857323648	1	7	0	1
YDL205C	P28789	HEM3	36.67427	OE	1000	2	0.000118027572640876	0.000118027612001239	0.000118027572640876	1.01635074950658	1	4	0	1
YDR044W	P11353	HEM13	37.71116	OE	1000	2	0.000867851430387592	0.000867853154644436	0.000867851430387592	1.01653846094445	1	6	0	1
YDR047W	P32347	HEM12	41.34866	OE	1000	2	0.000663575799177259	0.000663577117577015	0.000663575799177259	1.01653846094445	1	4	0	1
YDR232W	P09950	HEM1	59.36171	OE	1000	2	0.000179373347741552	0.000179373407559779	0.000179373347741552	1.01653846094445	1	6	0	1
YDR300C	P32264	PRO1	47.16164	OE	1000	2	2.52254089020066e-07	2.52952775603472e-07	2.5268464554354e-07	1.00004835951345	1	4	0	1
YEL046C	P37303	GLY1	42.81463	OE	1000	2	4.00206324945673e-07	4.00866343368879e-07	4.00163967050515e-07	1.00006903484706	1	4	0	1
YER014W	P40012	HEM14	59.70226	OE	1000	2	3.36836233939411e-06	3.36836366359969e-06	3.36836233939411e-06	1.00080080775063	1	4	0	1
YER065C	P28240	ICL1	62.40816	OE	1000	2	4.85357672338522e-06	4.85947726018623e-06	4.85672354308399e-06	1.00112085917393	1	3	0	1
YER170W	P26364	ADK2	25.19373	OE	1000	2	1.00868896946772e-06	1.01877112724276e-06	1.00878307969244e-06	1.00010200948075	1	5	0	1
YFL030W	P43567	AGX1	41.90679	OE	1000	2	4.890617772135e-07	4.8965709372701e-07	4.8937886074269e-07	1.000082107158	1	4	0	1
YGL040C	P05373	HEM2	37.73995	OE	1000	2	4.76879312663631e-05	4.76879471695479e-05	4.76879312663631e-05	1.00720469077871	1	4	0	1
YMR319C	P40988	FET4	62.7913	OE	1000	2	0	1.23770547914592e-09	1.23770499256649e-09	1.00000130884835	0	3	1	1
YOR176W	P16622	HEM15	44.5956	OE	1000	2	4.91781592012841e-05	4.91782564688911e-05	4.91781592012841e-05	1.00879313795153	1	4	0	1
YOR278W	P06174	HEM4	30.91124	OE	1000	2	1.65769135636247e-08	1.65769159020405e-08	1.65769135636247e-08	1.00000303633372	1	3	0	1
YOR323C	P54885	PRO2	49.73991	OE	1000	2	3.26997804489195e-08	3.27900889436568e-08	3.27554325331255e-08	1.0000074746754	1	6	0	1
YPL172C	P21592	COX10	52.14718	OE	1000	2	4.47074222841135e-06	4.47075116990553e-06	4.47074222841135e-06	1.00092834579874	1	5	0	1
YPL262W	P08417	FUM1	53.15125	OE	342.519255108334	2	1.81082176559544e-07	1.86099869338278e-07	1.81353292846118e-07	1.00003927926818	1	6	0	1
YPR074C	P23254	TKL1	73.80488	OE	45.2149585319639	2	1.0789753732401e-06	1.28799733997855e-06	1.28445531677536e-06	1.00037555138717	0	10	2	1
YJL121C	P46969	RPE1	25.96689	OE	12.1792265809893	2	7.80544919277105e-07	7.90615973379628e-07	7.80858832411686e-07	1.00008148417536	1	2	0	1
YJL167W	P08524	ERG20	40.48289	OE	9.44855585716822	2	2.7573877831751e-05	2.75742005055192e-05	2.7573877831751e-05	1.00445629245826	1	5	0	1
YMR208W	P07277	ERG12	48.45901	OE	9.44855585716822	2	2.07748327312234e-06	2.07748507231511e-06	2.07748327312234e-06	1.00040122991835	1	11	0	1
YPL117C	P15496	IDI1	33.35113	OE	9.44855585716822	2	5.07212487969246e-10	8.03052611079808e-09	5.07212487969246e-10	1.0000009941866	1	2	0	1
YML075C	P12683	HMG1	115.62448	OE	9.44855585716822	2	0	9.83737359152177e-07	9.83721636316194e-07	1.00045320955203	0	7	3	1
YMR220W	P24521	ERG8	50.45437	OE	9.44855585716822	2	1.33814464932555e-05	1.33814657060725e-05	1.33814464932555e-05	1.00269108289175	1	4	0	1
YNR043W	P32377	MVD1	44.11544	OE	9.44855585716822	2	9.28508365053448e-06	9.2851017303475e-06	9.28508365053448e-06	1.00163139497552	1	6	0	1
YHR163W	P38858	SOL3	27.78417	OE	6.74146890000919	2	1.36163167965009e-05	1.400327462179e-05	1.39941360432423e-05	1.00151156512374	0	5	4	1
YHR183W	P38720	GND1	53.54274	OE	6.74146890000919	2	3.18225975957335e-06	3.84705158400547e-06	3.84454098673593e-06	1.00080927013121	0	6	5	1
YNL241C	P11412	ZWF1	57.5209	OE	6.74146890000919	2	2.21061883706296e-07	2.21290181864075e-07	2.21146020288068e-07	1.00005151763099	1	5	0	1
YHR137W	P38840	ARO9	58.52706	OE	6.03809571815509	2	5.9848353217126e-08	6.41795581176509e-08	5.98826382611914e-08	1.00001492063754	1	13	0	1
YOL126C	P22133	MDH2	40.7305	OE	4.14658180454385	2	1.66271952125906e-08	2.27680703660447e-08	1.66484285022554e-08	1.00000369477503	1	5	0	1
YOR095C	Q12189	RKI1	28.25777	OE	3.74328197437224	2	5.34208355519224e-06	5.35336066519649e-06	5.34392313044714e-06	1.00059633647354	1	2	0	1
YBR221C	P32473	PDB1	40.0532	OE	3.70473060426287	2	3.10124695194299e-06	3.10287040704643e-06	3.1020941108363e-06	1.00049074541731	0	6	6	1
YCR053W	P16120	THR4	57.47349	OE	3.63904461787602	2	5.63350152340182e-09	5.64532090572012e-09	5.63786784273117e-09	1.00000228793907	1	6	0	1
YDR158W	P13663	HOM2	39.54334	OE	3.63904461787602	2	1.21099579990015e-07	1.21353653274491e-07	1.21193439809649e-07	1.00002004487653	1	6	0	1
YER052C	P10869	HOM3	58.10913	OE	3.63904461787602	2	1.01254347738065e-07	1.01466402425368e-07	1.01332531865195e-07	1.00002439903434	1	4	0	1
YHR025W	P17423	THR1	38.71215	OE	3.63904461787602	2	5.63351806141617e-07	5.64528856989817e-07	5.63786784273117e-07	1.0000876677758	1	5	0	1
YJR139C	P31116	HOM6	38.50163	OE	3.63904461787602	2	1.01792572026905e-06	1.02005454946926e-06	1.0187079029431e-06	1.00015662794558	1	7	0	1
YGL062W	P11154	PYC1	130.09827	OE	2.79151930326709	2	0	2.9655388649346e-06	2.96492815956519e-06	1.00153232945044	0	8	7	1
YKL085W	P17505	MDH1	35.64959	OE	2.63815996623516	2	4.12700749683654e-07	4.20638762951894e-07	4.13485695950019e-07	1.0000594177311	1	5	0	1
YAL038W	P00549	CDC19	54.54404	OE	2.22083798420212	2	1.39005946667745e-06	1.7767547088819e-06	1.77660020860831e-06	1.00038476759651	0	6	8	1
YGR254W	P00924	ENO1	46.81564	OE	2.09734585186486	2	1.32762190692881e-06	1.83968326787936e-06	1.83422284194434e-06	1.00034123506236	0	5	9	1
YOR283W	Q12040	YOR283W	26.17622	OE	2.09734585186486	2	4.88180120143275e-07	5.16065905460728e-07	5.06448285986648e-07	1.00005366069325	1	4	0	1
YGR155W	P32582	CYS4	56.02121	OE	1.98244161839478	2	1.86522256827421e-08	1.89710030407712e-08	1.88260675283036e-08	1.00000519123523	1	4	0	1
YBR248C	P33734	HIS7	61.06729	OE	1.30634583278473	2	1.99309986666813e-08	1.99317700576768e-08	1.99309986666813e-08	1.00000583690841	1	6	0	1
YCL030C	P00815	HIS4	87.72027	OE	1.30634583278473	2	8.05089465637593e-08	8.05258710242552e-08	8.05089465637593e-08	1.00002906613257	1	10	0	1
YER055C	P00498	HIS1	32.26611	OE	1.30634583278473	2	1.0187001082165e-06	1.01893555811433e-06	1.0187001082165e-06	1.00013163739341	1	4	0	1
YFR025C	P38635	HIS2	38.58138	OE	1.30634583278473	2	1.28527454191568e-09	1.28558234579435e-09	1.28527454191568e-09	1.00000119706175	1	4	0	1
YIL020C	P40545	HIS6	29.55623	OE	1.30634583278473	2	8.59525802760456e-08	8.59559069054297e-08	8.59525802760456e-08	1.00001109577039	1	5	0	1
YIL116W	P07172	HIS5	42.64564	OE	1.30634583278473	2	8.87251643032392e-10	8.87285982401671e-10	8.87251643032392e-10	1.00000115036594	1	4	0	1
YOR202W	P06633	HIS3	23.83295	OE	1.30634583278473	2	2.75048336097203e-09	2.75058981314332e-09	2.75048336097203e-09	1.00000126050399	1	3	0	1
YCR012W	P00560	PGK1	44.73787	OE	1.1287302302797	2	8.72530674223077e-07	8.78165131802195e-07	8.72587295467318e-07	1.00015616978806	1	4	0	1
YJL052W	P00360	TDH1	35.74956	OE	1.1287302302797	2	1.61392285127489e-05	1.61556954268908e-05	1.61488821003032e-05	1.00230297115599	0	8	10	1
YDR516C	Q04409	EMI2	55.92028	OE	1.00066848700543	2	1.85122035485452e-07	1.86189485364459e-07	1.86178186178e-07	1.0000423738513	1	4	0	1
YBR263W	P37292	SHM1	53.68589	deletion	0	0	0	4.64285915546039e-09	0	1.00000197896602	1	5	0	1
YCL040W	P17709	GLK1	55.37689	deletion	0	0	0	5.55812404414343e-09	0	1.00000222316335	1	6	0	1
YLR438W	P07991	CAR2	46.08557	deletion	0	0	0	5.07801865112266e-11	0	1.00000100930009	1	4	0	1
YMR246W	P47912	FAA4	77.26612	deletion	0	0	0	3.55424907153992e-09	0	1.00000209135144	1	48	0	1
YOR317W	P30624	FAA1	77.86529	deletion	0	0	0	3.52422236526955e-09	0	1.0000020905231	1	52	0	1
YLR446W	Q06204	YLR446W	48.96875	deletion	0	0	0	5.13045903567998e-09	0	1.00000199839616	1	20	0	1
YAL044C	P39726	GCV3	18.79276	deletion	0	0	0	1.78590922136253e-11	0	1.00000100133376	0	18	13	2
YDR019C	P48015	GCV1	44.46849	deletion	0	0	0	1.78590922136253e-11	0	1.00000100315602	0	18	13	2
YDR148C	P19262	KGD2	50.43011	deletion	0	0	0	8.78802505063109e-10	0	1.00000117612007	0	11	14	2
YER070W	P21524	RNR1	99.56021	deletion	0	0	0	2.58504508974108e-09	0	1.00000202277849	0	24	15	2
YFR053C	P04806	HXK1	53.73784	deletion	0	0	0	5.76770950531625e-09	0	1.00000223171788	0	12	16	2
YGL253W	P04807	HXK2	53.9419	deletion	0	0	0	5.08565350144329e-09	0	1.00000208442315	0	12	16	2
YGR180C	P49723	RNR4	40.05407	deletion	0	0	0	6.715643482809e-09	0	1.00000206896121	0	24	15	2
YIL066C	P21672	RNR3	97.51369	deletion	0	0	0	2.64077363096778e-09	0	1.00000202335055	0	24	15	2
YIL125W	P20967	KGD1	114.41496	deletion	0	0	0	8.78802505063109e-10	0	1.00000139957818	0	11	14	2
YJL026W	P09938	RNR2	46.14681	deletion	0	0	0	5.75519517756301e-09	0	1.00000205542992	0	24	15	2
YMR189W	P49095	GCV2	114.45033	deletion	0	0	0	1.78590922136253e-11	0	1.00000100812277	0	18	13	2
YBL039C	P28274	URA7	64.70953	deletion	0.133931198022575	0	0	1.97669171266233e-08	0	1.00000607159325	0	12	11	3
YER081W	P40054	SER3	51.1927	deletion	0.0459317185295898	0	0	1.49505824111091e-07	0	1.00003141541934	0	6	12	3
