genes	enzymes	shortNames	MWs	actions	k_scores	OE	minUsage	maxUsage	pUsage	foldChange	unique	conectivity	groups	priority
YEL046C	P37303	GLY1	42.81463	OE	1000	2	4.03696345065688e-06	4.03704461268667e-06	4.03696345065688e-06	1.000001000001	1	4	0	1
YCR053W	P16120	THR4	57.47349	OE	16.5109077951971	2	4.29041698499968e-08	4.33595216551771e-08	4.33587509047249e-08	1.00000100000101	1	6	0	1
YDR158W	P13663	HOM2	39.54334	OE	16.5109077951971	2	9.32053803774106e-07	9.32072194066898e-07	9.32053803774111e-07	1.00000100000101	1	6	0	1
YER052C	P10869	HOM3	58.10913	OE	16.5109077951971	2	7.79310925734593e-07	7.79326302267642e-07	7.79310925734588e-07	1.000001000001	1	4	0	1
YHR025W	P17423	THR1	38.71215	OE	16.5109077951971	2	4.29040119013605e-06	4.33596064134103e-06	4.33587509047249e-06	1.000001000001	1	5	0	1
YJR139C	P31116	HOM6	38.50163	OE	16.5109077951971	2	7.83450471712146e-06	7.83465929922304e-06	7.83450471712143e-06	1.000001000001	1	7	0	1
YPL061W	P54115	ALD6	54.41344	OE	15.5089843703582	2	1.53328510189289e-05	1.82775636430627e-05	1.8276458233157e-05	1.000001000001	1	8	0	1
YDR050C	P00942	TPI1	26.79508	OE	1.2957258983079	2	3.02515985939836e-08	0.00337292262479733	3.02523762330364e-08	1.00000099999607	1	2	0	1
YMR205C	P16862	PFK2	104.61673	OE	1.28729501980314	2	4.08797660376234e-07	7.35175888235734e-07	7.35152231649295e-07	1.000001000001	1	9	0	1
YCR012W	P00560	PGK1	44.73787	OE	1.28461623129892	2	9.73949933791207e-07	0.00202111769696362	9.73961824901601e-07	1.00000100000049	1	4	0	1
YBR196C	P12709	PGI1	61.29832	OE	1.2628699037166	2	3.91910586781207e-07	0.00147477193159882	3.91917662784338e-07	1.00000100000128	1	2	0	1
YDR516C	Q04409	EMI2	55.92028	OE	1.24691858749185	2	1.8617257808058e-07	2.15114177720018e-07	2.01074035607799e-07	1.000001000001	1	4	0	1
YDL052C	P33333	SLC1	33.88654	deletion	0.112714006831999	0	0	1.63764684166218e-06	0	1.000001000001	1	28	0	1
YOR317W	P30624	FAA1	77.86529	deletion	0.090189899701454	0	0	0.00116076934424351	0	1.000001000001	1	52	0	1
YCL040W	P17709	GLK1	55.37689	deletion	0	0	0	2.95295063383457e-11	0	1.000001000001	1	6	0	1
YDL066W	P21954	IDP1	48.18986	deletion	0	0	0	8.66899374884173e-10	0	1.000001000001	1	5	0	1
YGR208W	P42941	SER2	34.20684	deletion	0	0	0	5.03176042469395e-12	0	1.000001000001	1	4	0	1
YHR002W		LEU5	NaN	deletion	0	0	0	0	0	1.000001000001	1	2	0	1
YMR267W	P28239	PPA2	35.57213	deletion	0	0	0	4.66704200112698e-11	0	1.000001000001	1	4	0	1
YNL241C	P11412	ZWF1	57.5209	deletion	0	0	0	8.21807415940589e-12	0	1.000001000001	1	5	0	1
YOR184W	P33330	SER1	43.41501	deletion	0	0	0	1.62470685692833e-09	0	1.000001000001	1	4	0	1
YOR388C	Q08911	FDH1	41.7138	deletion	0	0	0	9.78757465210249e-11	0	1.000001000001	1	4	0	1
YLR446W	Q06204	YLR446W	48.96875	deletion	0	0	0	4.84494902057695e-09	0	1.000001000001	1	20	0	1
YAR035W	P80235	YAT1	77.76483	OE	1000	2	0	3.86561630211989e-08	3.83752399224024e-08	1.000001000001	0	5	1	2
YDR038C	Q12691	ENA5	120.29497	OE	1000	2	0	3.73609886503952e-07	1.30195297538934e-09	1.00000022562035	0	8	2	2
YLR044C	P06169	PDC1	61.49468	OE	13.6086168463144	2	0	2.75258621512278e-06	2.75258573802132e-06	1.000001000001	0	17	3	2
YJL137C	P47011	GLG2	44.54552	OE	8.5827046841679	2	0	1.47637240629521e-07	5.36386920400423e-08	1.00000023275065	0	6	4	2
YGL062W	P11154	PYC1	130.09827	OE	3.34428620805613	2	0	3.27695392883882e-06	3.27654899430497e-06	1.000001000001	0	8	5	2
YAL038W	P00549	CDC19	54.54404	OE	2.61215020613015	2	0	2.23580085586954e-06	2.23576332005477e-06	1.000001000001	0	6	6	2
YGR254W	P00924	ENO1	46.81564	OE	2.43376557373569	2	0	0.00193276145531011	2.27272060913663e-06	1.00000100000106	0	5	7	2
YMR105C	P37012	PGM2	63.08769	OE	2.18600878130427	2	0	0.00143270451442926	1.42834134541536e-07	1.000001000001	0	8	9	2
YHL012W	P38709	YHL012W	55.99958	OE	2.18600878130427	2	0	0.00161424434185721	3.28652610951891e-07	1.00000100000101	0	7	8	2
YLR354C	P15019	TAL1	37.0359	OE	1.3420103354901	2	0	0.00244375274904788	3.49914623913466e-06	1.00000100000092	0	6	10	2
YJL052W	P00360	TDH1	35.74956	OE	1.28461623129892	2	0	0.00254608094367112	1.80250099471236e-05	1.00000100000091	0	8	11	2
YGL080W		MPC1	NaN	deletion	0.0116761917890739	0	0	0	0	1.000001000001	0	4	14	2
YGR243W		MPC3	NaN	deletion	0.0116761917890739	0	0	0	0	1.00000100000101	0	4	14	2
YHR162W		MPC2	NaN	deletion	0.0116761917890739	0	0	0	0	1.00000100000101	0	4	14	2
YDR148C	P19262	KGD2	50.43011	deletion	0	0	0	3.11948820741215e-06	0	1.000001000001	0	11	16	2
YFR053C	P04806	HXK1	53.73784	deletion	0	0	0	2.95295062816017e-11	0	1.000001000001	0	12	18	2
YGL253W	P04807	HXK2	53.9419	deletion	0	0	0	6.38601532182385e-11	0	1.000001000001	0	12	18	2
YGR193C	P16451	PDX1	45.36125	deletion	0	0	0	1.43351486002356e-07	0	1.000001000001	0	6	15	2
YBL039C	P28274	URA7	64.70953	deletion	0.133931198022575	0	0	2.17772359443763e-08	0	1.000001000001	0	12	12	3
YER070W	P21524	RNR1	99.56021	deletion	0.099965314975542	0	0	2.53033334219616e-07	0	1.000001000001	0	24	13	3
YIL066C	P21672	RNR3	97.51369	deletion	0.099965314975542	0	0	2.5303333421841e-07	0	1.00000100000101	0	24	13	3
YJL026W	P09938	RNR2	46.14681	deletion	0.099965314975542	0	0	2.53033334218978e-07	0	1.000001000001	0	24	13	3
