genes	enzymes	shortNames	MWs	actions	k_scores	OE	minUsage	maxUsage	pUsage
YBL015W	P32316	ACH1	58.71137	1	1000	2	0	1.65881219346972e-09	6.72736422096e-12
YBR145W	P38113	ADH5	37.64764	1	1000	2	0	3.75736333165305e-09	0
YBR252W	P33317	DUT1	15.30716	1	1000	2	0	4.09979188348165e-09	0
YDR300C	P32264	PRO1	47.16164	2	1000	2	1.08879914881533e-07	1.09300438572882e-07	1.0902612724658e-07
YER170W	P26364	ADK2	25.19373	1	1000	2	0	3.88408243272536e-09	4.17441764109405e-13
YOL086C	P00330	ADH1	36.84874	2	1000	2	4.37926662357288e-07	4.46294042698415e-07	4.43982533855855e-07
YOR323C	P54885	PRO2	49.73991	2	1000	2	1.41133986805696e-08	1.41521613400298e-08	1.41330231905917e-08
YJR069C	P47119	HAM1	22.09268	1	1000	2	1.63935488416334e-12	4.51469125693907e-09	8.15824385982e-11
YDR452W	Q04119	PPN1	78.34335	1	1000	2	0	1.24947056759751e-09	8.27138155473039e-13
PAL	P45730	PAL	77.919	2	1000	2	2.72795838292408e-08	2.72795838292409e-08	2.72795838292408e-08
C4H	C0LUU6	C4H	58.011	2	1000	2	3.70921411769653e-09	3.70921411769654e-09	3.70921411769653e-09
4CL	C0LUU7	4CL	60.994	2	1000	2	5.90351017355202e-06	5.90351017355203e-06	5.90351017355202e-06
CHS	Q6X0M9	CHS	42.488	2	1000	2	0.000100025140707216	0.000100025140707217	0.000100025140707216
CHI	C0LUV0	CHI	24.679	2	1000	2	4.29146024027065e-09	4.29146024027066e-09	4.29146024027065e-09
F3H	Q53B69	F3H	42.673	2	1000	2	0.00216054303927587	0.00216054303927588	0.00216054303927587
FLS	C0LUV3	FLS	40.041	2	1000	2	9.09319460974695e-08	9.09319460974697e-08	9.09319460974695e-08
YGR087C	P26263	PDC6	61.57964	1	16.0207151191823	2	0	2.7729349820819e-09	0
YLR044C	P06169	PDC1	61.49468	2	16.0207151191823	2	3.13639941307613e-06	3.19578842867501e-06	3.13676682565578e-06
YLR134W	P16467	PDC5	61.91138	1	16.0207151191823	2	0	2.74710302568008e-09	0
YAL038W	P00549	CDC19	54.54404	2	2.42358067166733	2	2.05120178905878e-06	2.20220449427831e-06	2.19747444675598e-06
YOR347C	P52489	PYK2	55.19478	1	2.42358067166733	2	0	1.5049069344973e-07	0
YGR254W	P00924	ENO1	46.81564	2	2.26446290077234	2	2.04635246983365e-06	2.24564412888517e-06	2.23931754167618e-06
YHR174W	P00925	ENO2	46.91368	1	2.26446290077234	2	0	2.98800079450695e-09	0
YKL152C	P00950	GPM1	27.60828	1	2.26446290077234	2	0	1.02986011103375e-08	0
YMR323W	P42222	ERR3	47.31216	1	2.26446290077234	2	0	1.97219781185819e-07	0
YOR393W	P0CX10	ERR1	47.32712	1	2.26446290077234	2	0	1.9147476703227e-07	0
YPL281C	P0CX11	ERR2	47.32712	1	2.26446290077234	2	0	1.9147476703227e-07	0
YOR283W	Q12040	YOR283W	26.17622	2	2.26446290077234	2	6.1235823797584e-07	6.23214767045955e-07	6.18299208159217e-07
YLR354C	P15019	TAL1	37.0359	2	1.25732473503429	2	3.43833940706912e-06	3.46778809269679e-06	3.43852177930866e-06
YGR043C	P53228	NQM1	37.25314	1	1.25732473503429	2	0	3.77415483517655e-09	0
YGR240C	P16861	PFK1	107.96906	1	1.22243269057724	2	0	4.00157005550109e-09	0
YKL060C	P14540	FBA1	39.62024	1	1.22243269057724	2	0	4.15418393422918e-09	0
YMR205C	P16862	PFK2	104.61673	2	1.22243269057724	2	7.28326666864512e-07	7.31859617208269e-07	7.28782536988423e-07
YBR196C	P12709	PGI1	61.29832	2	1.17125734340237	2	3.82812287857059e-07	3.8870616075923e-07	3.82838033400257e-07
YER141W	P40086	COX15	54.65792	0	0.145891666666667	0	0	2.3847993981e-13	2.3847993981e-13
YGL080W		MPC1	NaN	0	0.14509421876882	0	0	0	0
YGR243W		MPC3	NaN	0	0.14509421876882	0	0	0	0
YHR162W		MPC2	NaN	0	0.14509421876882	0	0	0	0
YOL126C	P22133	MDH2	40.7305	0	0.139372014164137	0	6.74133796144178e-10	3.05613057064306e-09	6.74715827015004e-10
YBL039C	P28274	URA7	64.70953	0	0.133931198022575	0	0	1.92905832414151e-08	0
YJR103W	P38627	URA8	64.50989	0	0.133931198022575	0	0	1.9308070860601e-08	1.88718006386648e-08
YLL052C		AQY2	NaN	0	0.130929340531701	0	0	0	0
YPR192W		AQY1	NaN	0	0.130929340531701	0	0	0	0
YOR222W		ODC2	NaN	0	0.117885827804797	0	0	0	0
YPL134C		ODC1	NaN	0	0.117885827804797	0	0	0	0
YHR002W		LEU5	NaN	0	0.1098	0	0	0	0
YDR503C	Q04396	LPP1	31.58604	0	0.107871341738711	0	4.25014273627873e-10	6.86312052146837e-10	4.9474106999704e-10
YPR021C		AGC1	NaN	0	0.097624001144424	0	0	0	0
YER069W	Q01217	ARG5,6	94.86823	0	0.0753127384427565	0	3.1816808191818e-07	3.18612261464427e-07	3.1816808191818e-07
YMR062C	Q04728	ARG7	47.84821	0	0.0753127384427565	0	6.98201444795891e-08	7.18666088213686e-08	6.98201444795891e-08
YOL140W	P18544	ARG8	46.68082	0	0.0753127384427565	0	7.90287181270117e-07	7.91400094778456e-07	7.90287181270117e-07
YOR130C		ORT1	NaN	0	0.0753127384427565	0	0	0	0
YMR267W	P28239	PPA2	35.57213	0	0.0629553992002178	0	2.29623207187536e-07	2.30356625137251e-07	2.30314531750168e-07
YDL066W	P21954	IDP1	48.18986	0	0.0623951845282238	0	2.25206997754843e-07	2.2749980960879e-07	2.26536977250757e-07
YAL062W	P39708	GDH3	49.62653	0	0.0492286378110635	0	0	7.08097106084422e-07	0
YOR375C	P07262	GDH1	49.56931	0	0.0492286378110635	0	0	7.08290821435176e-07	7.07831534804834e-07
YML120C	P32340	NDI1	57.24915	0	0.0468130705117903	0	4.58975124940217e-08	6.13136514578423e-08	6.03094488739179e-08
Q0045	P00401	COX1	58.79755	0	0.045792963231594	0	4.33088671639939e-07	4.35465269499872e-07	4.35473043089756e-07
Q0250	P00410	COX2	28.5669	0	0.045792963231594	0	4.33088671639939e-07	4.35465269499872e-07	4.35473043089756e-07
Q0275	P00420	COX3	30.35941	0	0.045792963231594	0	4.32970497834398e-07	4.35465269499872e-07	4.35473043089756e-07
YDL067C	P07255	COX9	6.96313	0	0.045792963231594	0	4.33088671639939e-07	4.35465269499872e-07	4.35473043089756e-07
YGL187C	P04037	COX4	17.1424	0	0.045792963231594	0	4.33083508783134e-07	4.35465269502102e-07	4.35473043089756e-07
YGL191W	P32799	COX13	15.02097	0	0.045792963231594	0	4.33083508783134e-07	4.35465269502102e-07	4.35473043089756e-07
YHR051W	P00427	COX6	17.34139	0	0.045792963231594	0	4.33083508783134e-07	4.35465269502102e-07	4.35473043089756e-07
YIL111W	P00425	COX5B	17.1965	0	0.045792963231594	0	4.33083508783134e-07	4.35465269502102e-07	4.35473043089756e-07
YLR038C	Q01519	COX12	9.78778	0	0.045792963231594	0	4.33083508783134e-07	4.35465269502102e-07	4.35473043089756e-07
YLR395C	P04039	COX8	8.90656	0	0.045792963231594	0	8.65939809835589e-07	8.70971781469441e-07	8.70944998978216e-07
YMR256C	P10174	COX7	6.9323	0	0.045792963231594	0	4.33083508783134e-07	4.35465269502102e-07	4.35473043089756e-07
YFL018C	P09624	LPD1	54.00934	0	0.0417872971899919	0	2.44769669068863e-07	2.45389211401197e-07	2.4489879725241e-07
Q0105	P00163	COB	43.65549	0	0.0375763284155944	0	1.36485502060324e-06	1.37276974914865e-06	1.37272753630979e-06
YBL045C	P07256	COR1	50.22724	0	0.0375763284155939	0	1.36485502060324e-06	1.37276974914865e-06	1.37272753630979e-06
YDR529C	P00128	QCR7	14.56466	0	0.0375763284155939	0	1.36485502060324e-06	1.37276974914865e-06	1.37272753630979e-06
YEL024W	P08067	RIP1	23.36479	0	0.0375763284155939	0	1.36483856065078e-06	1.37276974914865e-06	1.37272753630979e-06
YFR033C	P00127	QCR6	17.25682	0	0.0375763284155939	0	1.36485502060324e-06	1.37276974914865e-06	1.37272753630979e-06
YGR183C	P22289	QCR9	7.47622	0	0.0375763284155939	0	1.36485502060324e-06	1.37276974914865e-06	1.37272753630979e-06
YHR001W-A	P37299	QCR10	8.59285	0	0.0375763284155939	0	1.36485502060324e-06	1.37276974914865e-06	1.37272753630979e-06
YJL166W	P08525	QCR8	10.97437	0	0.0375763284155939	0	1.36485502060324e-06	1.37276974914865e-06	1.37272753630979e-06
YOR065W	P07143	CYT1	34.05423	0	0.0375763284155939	0	1.36485502060324e-06	1.37276974914865e-06	1.37272753630979e-06
YPR191W	P07257	QCR2	40.47764	0	0.0375763284155939	0	1.36485502060324e-06	1.37276974914865e-06	1.37272753630979e-06
YDL085W	Q07500	NDE2	61.65854	0	0.0348137609874257	0	1.52299352684706e-07	2.54545995517442e-07	2.41691152714883e-07
YMR145C	P40215	NDE1	62.77345	0	0.0348137609874257	0	0	8.78458543792392e-08	0
Q0080	P00856	ATP8	5.82221	0	0.0301389351068142	0	1.72682505095606e-06	1.73602904811493e-06	1.73598006016169e-06
Q0085	P00854	ATP6	29.09876	0	0.0301389351068142	0	1.72683537205306e-06	1.73602904811493e-06	1.73598006016169e-06
YBL099W	P07251	ATP1	58.60746	0	0.0301389351068142	0	5.31459369292045e-07	5.34140287666273e-07	5.34149037644656e-07
YBR039W	P38077	ATP3	34.35021	0	0.0301389351068142	0	1.72682505095606e-06	1.73602904811493e-06	1.73598006016169e-06
YDL004W	Q12165	ATP16	17.02022	0	0.0301389351068142	0	1.72683537205306e-06	1.73602904811493e-06	1.73598006016169e-06
YDR298C	P09457	ATP5	22.81414	0	0.0301389351068142	0	1.72683537205306e-06	1.73602904811493e-06	1.73598006016169e-06
YDR322C-A	P81449	TIM11	10.87534	0	0.0301389351068142	0	1.72683537205306e-06	1.73602904811493e-06	1.73598006016169e-06
YDR377W	Q06405	ATP17	11.312	0	0.0301389351068142	0	1.72682505095606e-06	1.73602904811493e-06	1.73598006016169e-06
YJR121W	P00830	ATP2	54.7932	0	0.0301389351068142	0	5.31459369292045e-07	5.34140287666273e-07	5.34149037644656e-07
YKL016C	P30902	ATP7	19.80938	0	0.0301389351068142	0	1.72682505095606e-06	1.73602904811493e-06	1.73598006016169e-06
YML081C-A	P81450	ATP18	6.68769	0	0.0301389351068142	0	1.72682505095606e-06	1.73602904811493e-06	1.73598006016169e-06
YPL078C	P05626	ATP4	26.92481	0	0.0301389351068142	0	1.72682505095606e-06	1.73602904811493e-06	1.73598006016169e-06
YPL271W	P21306	ATP15	6.7425	0	0.0301389351068142	0	1.72683537205306e-06	1.73602904811493e-06	1.73598006016169e-06
YPR020W	Q12233	ATP20	12.92094	0	0.0301389351068142	0	1.72683537205306e-06	1.73602904811493e-06	1.73598006016169e-06
YOL077W-A	P81451	ATP19	7.53367	0	0.0301389351068142	0	1.72683537205306e-06	1.73602904811493e-06	1.73598006016169e-06
Q0130	P61829	OLI1	7.75937	0	0.0301389351068142	0	1.72682568757154e-05	1.73603705142811e-05	1.73598006016169e-05
YLR295C	Q12349	ATP14	14.12765	0	0.0301389351068134	0	1.72682505095606e-06	1.73602904811493e-06	1.73598006016169e-06
YER053C		PIC2	NaN	0	0.0169540988739458	0	0	0	0
YJR077C		MIR1	NaN	0	0.0169540988739458	0	0	0	0
YGR208W	P42941	SER2	34.20684	0	0.0147515392626415	0	5.96682155546922e-09	5.98727581909442e-09	5.97941632556151e-09
YER081W	P40054	SER3	51.1927	0	0.0147515392626415	0	0	1.54932223553295e-08	0
YIL074C	P40510	SER33	51.18777	0	0.0147515392626415	0	0	1.54923672628392e-08	1.54580273404817e-08
YOR184W	P33330	SER1	43.41501	0	0.0147515392626415	0	1.92660147811224e-06	1.93509223840868e-06	1.93069580465901e-06
YLR058C	P37291	SHM2	52.21793	0	0.00472372590610674	0	1.90250680047467e-07	1.93179687139932e-07	1.91322159102104e-07
YGR204W	P07245	ADE3	102.20412	0	0.0018684971526439	0	3.84352675688186e-09	6.47533524612588e-09	3.86856985195253e-09
YBR263W	P37292	SHM1	53.68589	0	0.000118370971009883	0	1.51424054373098e-09	4.02952930984473e-09	2.20700438592591e-09
YAL044C	P39726	GCV3	18.79276	0	5.91854266769795e-05	0	1.62769620586825e-11	1.39307949712172e-10	2.12127707417572e-11
YDR019C	P48015	GCV1	44.46849	0	5.91854266769795e-05	0	1.62769620586825e-11	1.39307949712172e-10	2.12127707417572e-11
YMR189W	P49095	GCV2	114.45033	0	5.91854266769795e-05	0	1.62769620586825e-11	1.39307949712172e-10	2.12127707417572e-11
YDR148C	P19262	KGD2	50.43011	0	0	0	0	4.23137761196419e-10	0
YER070W	P21524	RNR1	99.56021	0	0	0	0	9.87420397707598e-10	0
YGR180C	P49723	RNR4	40.05407	0	0	0	0	2.53322620063383e-09	0
YIL066C	P21672	RNR3	97.51369	0	0	0	0	1.01806216446134e-09	0
YIL125W	P20967	KGD1	114.41496	0	0	0	0	4.23137761196419e-10	0
YJL026W	P09938	RNR2	46.14681	0	0	0	0	2.16742264892765e-09	0
YLR438W	P07991	CAR2	46.08557	0	0	0	0	1.77222173723505e-11	0
YMR246W	P47912	FAA4	77.26612	0	0	0	0	1.34760268571507e-09	0
YOR317W	P30624	FAA1	77.86529	0	0	0	0	1.32268408983187e-09	0
YOR388C	Q08911	FDH1	41.7138	0	0	0	0	1.72670838414362e-09	0
