genes	enzymes	shortNames	MWs	actions	k_scores	OE	minUsage	maxUsage	pUsage
YBR252W	P33317	DUT1	15.30716	1	1000	2	0	7.65131365341281e-09	0
YDR300C	P32264	PRO1	47.16164	2	1000	2	0	2.09683599083164e-07	2.09274473429497e-07
YEL047C	P32614	FRD1	50.84351	1	1000	2	1.49930798194605e-05	0.00163449451779982	1.49932327766654e-05
YER073W	P40047	ALD5	56.69214	2	1000	2	0	4.02725119612576e-07	4.02678803848738e-07
YIL099W	P08019	SGA1	61.46231	2	1000	2	0	3.71187174851754e-08	3.693614212026e-08
YLR011W	Q07923	LOT6	21.2804	1	1000	2	1.22812039606945e-05	0.000922659952538341	1.22816915630404e-05
YLR138W		NHA1	NaN	1	1000	2	NaN	NaN	NaN
YMR170C	P47771	ALD2	55.18718	1	1000	2	0	4.56083384755238e-07	0
YMR241W		YHM2	NaN	1	1000	2	NaN	NaN	NaN
YNL037C	P28834	IDH1	39.32357	1	1000	2	2.45755867830428e-09	1.6240258093593e-07	2.81258698977976e-09
YOR136W	P28241	IDH2	39.73903	1	1000	2	2.45755867830428e-09	1.6240258093593e-07	2.81258698977976e-09
YOR323C	P54885	PRO2	49.73991	2	1000	2	0	2.71812201657673e-08	2.71281853338574e-08
YOR374W	P46367	ALD4	56.72295	1	1000	2	0	4.02745091834428e-07	0
YJR069C	P47119	HAM1	22.09268	1	1000	2	0	0.00372707340363782	1.56596609545884e-10
YMR110C	Q04458	HFD1	59.97826	1	1000	2	0	0.00137322902206728	0
YBR241C		YBR241C	NaN	1	1000	2	NaN	NaN	NaN
YGL104C		VPS73	NaN	1	1000	2	NaN	NaN	NaN
YDR456W		NHX1	NaN	1	1000	2	NaN	NaN	NaN
YDR038C	Q12691	ENA5	120.29497	1	1000	2	0	5.4735566764868e-07	2.25048947090467e-09
YDR039C	Q01896	ENA2	120.31602	1	1000	2	0	5.47355685727972e-07	0
YDR040C	P13587	ENA1	120.35609	1	1000	2	0	5.47355667648684e-07	0
YBR296C		PHO89	NaN	1	68.4255577331219	2	NaN	NaN	NaN
YCR037C		PHO87	NaN	1	68.4255577331219	2	NaN	NaN	NaN
YJL198W		PHO90	NaN	1	68.4255577331219	2	NaN	NaN	NaN
YML123C		PHO84	NaN	1	68.4255577331219	2	NaN	NaN	NaN
YNR013C		PHO91	NaN	1	68.4255577331219	2	NaN	NaN	NaN
YFR015C	P23337	GSY1	80.50931	1	18.306863046586	2	0	2.18350734032979e-07	0
YJL137C	P47011	GLG2	44.54552	2	18.306863046586	2	0	2.18350727107474e-07	1.13000497311578e-07
YKR058W	P36143	GLG1	69.72308	1	18.306863046586	2	0	2.18350734033017e-07	0
YLR258W	P27472	GSY2	80.07802	2	18.306863046586	2	0	2.18350727107401e-07	1.13000497311578e-07
YOL126C	P22133	MDH2	40.7305	1	10.6334250977778	2	2.85183475551482e-08	0.00202163667767703	2.85185600076984e-08
YKL035W	P32861	UGP1	55.98734	1	4.63803934804922	2	0	0.00147139215040559	0
YKL127W	P33401	PGM1	63.11105	1	4.63803934804922	2	0	0.00130499707252498	0
YMR105C	P37012	PGM2	63.08769	1	4.63803934804922	2	0	0.0013054811119098	2.9530264863079e-07
YHL012W	P38709	YHL012W	55.99958	1	4.63803934804922	2	0	0.00147106896732127	6.79473340214031e-07
YGL062W	P11154	PYC1	130.09827	2	3.47852592965896	2	0	4.66250516336769e-06	4.62218482389214e-06
YBR218C	P32327	PYC2	130.16549	1	3.47852592965895	2	0	4.66250516336829e-06	0
YNL036W	P53615	NCE103	24.85889	1	2.66536755932945	2	0	0.00331233938690241	3.12383272699925e-10
YAL038W	P00549	CDC19	54.54404	2	1.83265535073665	2	0	1.42700180655798e-06	1.4269882764493e-06
YOR347C	P52489	PYK2	55.19478	1	1.83265535073665	2	0	1.42700181407714e-06	0
YHR174W	P00925	ENO2	46.91368	1	1.72097243322507	2	0	0.00175663130285214	0
YKL152C	P00950	GPM1	27.60828	1	1.72097243322507	2	0	0.00298286239601932	0
YMR323W	P42222	ERR3	47.31216	1	1.72097243322507	2	0	0.00174183559320016	0
YOR393W	P0CX10	ERR1	47.32712	1	1.72097243322507	2	0	0.00174128721076538	0
YPL281C	P0CX11	ERR2	47.32712	1	1.72097243322507	2	0	0.00174128721076538	0
YOR283W	Q12040	YOR283W	26.17622	1	1.72097243322507	2	0	0.00314605480742769	4.06716901340187e-07
YGR254W	P00924	ENO1	46.81564	1	1.72097243322507	2	0	0.00176031209727747	1.47302192797364e-06
YDR516C	Q04409	EMI2	55.92028	2	1.52092751241335	2	1.86175894958344e-07	2.28570832658372e-07	2.17816235632497e-07
YLR354C	P15019	TAL1	37.0359	1	1.35753663248443	2	0	0.00222658919453472	3.31106126583401e-06
YGR043C	P53228	NQM1	37.25314	1	1.35753663248443	2	0	0.00221360731723994	0
YBR196C	P12709	PGI1	61.29832	1	1.32055848977052	2	3.79395430957683e-07	0.00134366473644434	3.7941505810795e-07
YDR050C	P00942	TPI1	26.79508	1	1.27831736048331	2	2.85836395346581e-08	0.00307301995661148	2.8584125129637e-08
YGR240C	P16861	PFK1	107.96906	1	1.27099487884027	2	0	3.8685208876205e-07	0
YKL060C	P14540	FBA1	39.62024	1	1.27099487884027	2	0	0.00208135601741478	0
YMR205C	P16862	PFK2	104.61673	2	1.27099487884027	2	3.86839858517286e-07	6.95683039717368e-07	6.95672337001085e-07
YCR012W	P00560	PGK1	44.73787	1	1.25116661029257	2	9.17709944634492e-07	0.00184144010615998	9.1771650972623e-07
YGR192C	P00359	TDH3	35.74626	1	1.25116661029257	2	0	0.0023204717919572	0
YJL052W	P00360	TDH1	35.74956	1	1.25116661029257	2	0	0.00232025778604919	1.69840837633714e-05
YJR009C	P00358	TDH2	35.84645	1	1.25116661029257	2	0	0.00231399194387275	0
YOR222W		ODC2	NaN	0	0.274898284651287	0	NaN	NaN	NaN
YPL134C		ODC1	NaN	0	0.274898284651287	0	NaN	NaN	NaN
YBR029C	P38221	CDS1	51.82218	0	0.274554736512897	0	7.32335324283734e-08	0.00158898905790292	7.32344707763902e-08
YMR246W	P47912	FAA4	77.26612	0	0.264779937380115	0	0	0.00106585888651	1.72868037835741e-07
YOR317W	P30624	FAA1	77.86529	0	0.264779937380109	0	0	0.00105765673940731	0
YOR175C	Q08548	ALE1	72.22714	0	0.260284973258808	0	1.54625518935467e-08	2.21157771945107e-08	2.20756795278346e-08
YBL039C	P28274	URA7	64.70953	0	0.257079487732013	0	0	4.13586689163446e-08	0
YJR103W	P38627	URA8	64.50989	0	0.257079487732013	0	0	4.13586689170344e-08	3.62242174519403e-08
YDL052C	P33333	SLC1	33.88654	0	0.231627075267944	0	0	2.97824575800054e-06	0
YLR304C	P19414	ACO1	85.36736	0	0.216879896981851	0	0	0.00096475782456448	2.08048016161553e-07
YDR503C	Q04396	LPP1	31.58604	0	0.207057874893414	0	0	9.78507803082664e-10	9.49650139121348e-10
YER070W	P21524	RNR1	99.56021	0	0.195148068351415	0	0	4.85170073591171e-07	0
YIL066C	P21672	RNR3	97.51369	0	0.195148068351415	0	0	4.85170073590682e-07	0
YJL026W	P09938	RNR2	46.14681	0	0.195148068351415	0	0	4.85170073588191e-07	0
YPR021C		AGC1	NaN	0	0.187388215554734	0	NaN	NaN	NaN
YGR180C	P49723	RNR4	40.05407	0	0.179946140677446	0	0	4.85170073590274e-07	1.05467728822152e-07
YER069W	Q01217	ARG5,6	94.86823	0	0.144561987829717	0	6.1072019603988e-07	1.23786478665765e-06	6.1072019603988e-07
YMR062C	Q04728	ARG7	47.84821	0	0.144561987829717	0	1.34019013054467e-07	0.00172101617518758	1.34019013054467e-07
YOL140W	P18544	ARG8	46.68082	0	0.144561987829717	0	1.5169477068954e-06	3.07469142454611e-06	1.5169477068954e-06
YOR130C		ORT1	NaN	0	0.144561987829717	0	NaN	NaN	NaN
YOR095C	Q12189	RKI1	28.25777	0	0.109202426994631	0	3.95157391791367e-07	0.00291432028770067	3.95157391791378e-07
YCL040W	P17709	GLK1	55.37689	0	0	0	0	1.1462526088697e-11	0
YFR053C	P04806	HXK1	53.73784	0	0	0	0	1.14625261005714e-11	0
YGL253W	P04807	HXK2	53.9419	0	0	0	0	2.4788720349074e-11	0
YGR248W	P53315	SOL4	28.44737	0	0	0	0	1.41332713034078e-09	0
YGR256W	P53319	GND2	53.92235	0	0	0	0	3.88276494759643e-10	0
YHR163W	P38858	SOL3	27.78417	0	0	0	0	1.41332714182898e-09	0
YHR183W	P38720	GND1	53.54274	0	0	0	0	3.88276493728299e-10	0
YJR095W		SFC1	NaN	0	0	0	NaN	NaN	NaN
YLR438W	P07991	CAR2	46.08557	0	0	0	0	2.48023007565364e-08	0
YMR267W	P28239	PPA2	35.57213	0	0	0	0	1.81196307259962e-11	0
YNL241C	P11412	ZWF1	57.5209	0	0	0	0	2.23344740067294e-11	0
YPL061W	P54115	ALD6	54.41344	0	0	0	0	2.14140937105861e-10	0
YLR446W	Q06204	YLR446W	48.96875	0	0	0	0	1.8806733224546e-09	0
YJR051W	P21375	OSM1	55.06455	0	0	0	0	0.00149535466735313	0
