genes	enzymes	shortNames	MWs	actions	k_scores	OE	minUsage	maxUsage	pUsage	foldChange	unique	conectivity	groups	priority
YEL046C	P37303	GLY1	42.81463	2	1000	2	1.14276608085738e-06	1.14284425208784e-06	1.14276608085737e-06	1.000001000001	1	4	0	1
YOR120W	P14065	GCY1	35.07875	1	1000	2	0.000125039717032757	0.0002839612078752	0.000125085234061308	1.000001000001	1	5	0	1
YDR158W	P13663	HOM2	39.54334	2	6.42480743553865	2	2.7636069831313e-07	2.76378411142839e-07	2.76360698313128e-07	1.000001000001	1	6	0	1
YER052C	P10869	HOM3	58.10913	2	6.42480743553865	2	2.3107132953803e-07	2.31086137292427e-07	2.31071329538029e-07	1.00000100000099	1	4	0	1
YJR139C	P31116	HOM6	38.50163	2	6.42480743553865	2	2.32298734879245e-06	2.32313623638588e-06	2.32298734879249e-06	1.000001000001	1	7	0	1
YCR053W	P16120	THR4	57.47349	2	6.42480743553865	2	1.28533246944487e-08	1.2857007434182e-08	1.28561834407993e-08	1.000001000001	1	6	0	1
YHR025W	P17423	THR1	38.71215	2	6.42480743553865	2	1.2853324694424e-06	1.28570073041821e-06	1.28561834407993e-06	1.000001000001	1	5	0	1
YPR035W	P32288	GLN1	41.7656	2	4.70813712354066	2	1.07131211851136e-07	1.65339042545701e-06	1.65324215370271e-06	1.000001000001	1	7	0	1
YDR050C	P00942	TPI1	26.79508	1	1.29572675750982	2	3.02520352360598e-08	0.00335582806086233	3.02523762330364e-08	1.00000099999613	1	2	0	1
YMR205C	P16862	PFK2	104.61673	2	1.28729586711972	2	4.08797699474525e-07	7.35175047827859e-07	7.35152231649295e-07	1.00000100000099	1	9	0	1
YCR012W	P00560	PGK1	44.73787	1	1.28461665422991	2	9.739566891506e-07	0.00201087914143192	9.73961824901601e-07	1.00000100000125	1	4	0	1
YBR196C	P12709	PGI1	61.29832	1	1.2628723174567	2	3.91910868348535e-07	0.0014672994327936	3.91917662784338e-07	1.0000010000008	1	2	0	1
YDR516C	Q04409	EMI2	55.92028	2	1.00040561758676	2	1.15074381202613e-08	1.8618191640429e-07	1.86129140532345e-07	1.000001000001	1	4	0	1
YNR019W	P53629	ARE2	74.022	0	0.107676212045643	0	0	0.00121475963450616	0	1.000001000001	1	84	0	1
YOR245C	Q08650	DGA1	47.71075	0	0.0852643180684648	0	0	5.68677834184131e-08	0	1.000001000001	1	122	0	1
YDL066W	P21954	IDP1	48.18986	0	0	0	0	8.34753791380127e-10	0	1.000001000001	1	5	0	1
YGR208W	P42941	SER2	34.20684	0	0	0	0	4.84517720497932e-12	0	1.000001000001	1	4	0	1
YNL241C	P11412	ZWF1	57.5209	0	0	0	0	7.91486021049123e-12	0	1.000001000001	1	5	0	1
YOR184W	P33330	SER1	43.41501	0	0	0	0	1.5644609396036e-09	0	1.000001000001	1	4	0	1
YOR388C	Q08911	FDH1	41.7138	0	0	0	0	9.42464059364542e-11	0	1.000001000001	1	4	0	1
YER062C	P40106	GPP2	27.8134	1	1000	2	0	1.30530686337778e-05	5.74989153445665e-06	1.00000100000099	0	7	1	2
YFL053W	P43550	DAK2	62.13397	1	1000	2	0	6.06459922093069e-06	2.67146283365423e-06	1.000001000001	0	6	2	2
YLR044C	P06169	PDC1	61.49468	2	15.505700225002	2	0	3.0721164994825e-06	3.07195546323008e-06	1.000001000001	0	17	3	2
YAL038W	P00549	CDC19	54.54404	2	2.61215258506813	2	0	2.23579956265344e-06	2.23576332005477e-06	1.000001000001	0	6	4	2
YGR254W	P00924	ENO1	46.81564	1	2.43376762946621	2	0	0.00192297729204997	2.27272060913663e-06	1.00000100000105	0	5	5	2
YGL062W	P11154	PYC1	130.09827	2	1.40761140772328	2	0	1.20276451922156e-06	1.20237458596669e-06	1.000001000001	0	8	6	2
YLR354C	P15019	TAL1	37.0359	1	1.34201217729777	2	0	0.00243138497957235	3.49914623913466e-06	1.00000100000099	0	6	7	2
YJL052W	P00360	TDH1	35.74956	1	1.28461665422991	2	0	0.00253326817168164	1.80250099471236e-05	1.00000100000101	0	8	8	2
YGL080W		MPC1	NaN	0	0.115149612389553	0	0	0	0	1.000001000001	0	4	11	2
YGR243W		MPC3	NaN	0	0.115149612389553	0	0	0	0	1.000001000001	0	4	11	2
YHR162W		MPC2	NaN	0	0.115149612389553	0	0	0	0	1.000001000001	0	4	11	2
YAL062W	P39708	GDH3	49.62653	0	0	0	0	1.52799193226604e-06	0	1.000001000001	0	8	12	2
YDR148C	P19262	KGD2	50.43011	0	0	0	0	8.81165061527369e-07	0	1.000001000001	0	11	13	2
YER081W	P40054	SER3	51.1927	0	0	0	0	1.25257846507041e-11	0	1.000001000001	0	6	14	2
YGR248W	P53315	SOL4	28.44737	0	0	0	0	5.00852925746161e-10	0	1.000001000001	0	5	15	2
YGR256W	P53319	GND2	53.92235	0	0	0	0	1.37596890137606e-10	0	1.000001000001	0	6	16	2
YHR163W	P38858	SOL3	27.78417	0	0	0	0	5.00852925146304e-10	0	1.000001000001	0	5	15	2
YHR183W	P38720	GND1	53.54274	0	0	0	0	1.37596890144695e-10	0	1.000001000001	0	6	16	2
YIL074C	P40510	SER33	51.18777	0	0	0	0	1.25232021087688e-11	0	1.000001000001	0	6	14	2
YIL125W	P20967	KGD1	114.41496	0	0	0	0	8.81165061527369e-07	0	1.000001000001	0	11	13	2
YOR375C	P07262	GDH1	49.56931	0	0	0	0	1.52799193226597e-06	0	1.000001000001	0	8	12	2
YBL039C	P28274	URA7	64.70953	0	0.142919774702163	0	0	2.17665207270541e-08	0	1.000001000001	0	12	9	3
YER070W	P21524	RNR1	99.56021	0	0.126273494565485	0	0	2.53026019844039e-07	0	1.000001000001	0	24	10	3
YIL066C	P21672	RNR3	97.51369	0	0.126273494565485	0	0	2.53026019846609e-07	0	1.000001000001	0	24	10	3
YJL026W	P09938	RNR2	46.14681	0	0.126273494565485	0	0	2.53026019844573e-07	0	1.000001000001	0	24	10	3
