genes	enzymes	shortNames	MWs	actions	k_scores	EV_type	OE	minUsage	maxUsage	pUsage	unique	conectivity	groups	priority
YDR300C	P32264	PRO1	47.16164	2	1000	tightly_const	2	2.10024655495253e-07	2.10397971172842e-07	2.10188074822914e-07	1	4	0	1
YOR323C	P54885	PRO2	49.73991	2	1000	tightly_const	2	2.7225431207054e-08	2.72749061919611e-08	2.72466152002226e-08	1	6	0	1
YJR069C	P47119	HAM1	22.09268	1	1000	essential	2	2.74580131550099e-11	4.23272529322628e-09	1.5728024228112e-10	1	16	0	1
TAL	A5FKY3	TAL	56.649	1	1000	tightly_const	2	0.00122599127104942	0.00122599127105188	1.88855806939723e-06	1	3	0	1
hpaBC	Q57160	hpaBC	58.848	2	1000	tightly_const	2	1.28630792756594e-05	1.28630792756851e-05	1.28630792756594e-05	1	9	0	1
HPPR	Q57501	HPPR	18.522	2	1000	tightly_const	2	1.28630792756594e-05	1.28630792756851e-05	1.28630792756594e-05	1	5	0	1
4CL1	Q65CJ7	4CL1	34.128	2	1000	tightly_const	2	1.09676387530676e-05	1.09676387530895e-05	1.09676387530676e-05	1	8	0	1
RAS	Q42524	RAS	61.053	2	1000	tightly_const	2	2.21691268724443e-06	2.21691268724886e-06	2.21691268724443e-06	1	7	0	1
YBR166C	P20049	TYR1	50.92272	2	19.9030742916889	tightly_const	2	2.20131398747832e-06	2.20132520580621e-06	2.20131398747832e-06	1	5	0	1
ARO7G141S	P32178ly	ARO7G141S	29.7468	1	8.77293883106191	tightly_const	2	0.000447066590823552	0.000447068881342579	0	1	2	0	1
YGL148W	P28777	ARO2	40.83793	2	7.86186246497122	tightly_const	2	6.92868970112444e-05	6.92872360557358e-05	6.92868970112444e-05	1	3	0	1
aroL	P0A6E1	aroL	19.151	2	7.86186246497122	tightly_const	2	1.88733889921834e-06	1.88856341894688e-06	0.000447066590823552	1	5	0	1
YDR127W	P08566	ARO1	174.75305	2	7.86186246255958	tightly_const	2	2.81183126362092e-06	2.81247982766012e-06	2.81183126362092e-06	1	14	0	1
YLR044C	P06169	PDC1	61.49468	2	5.34778885419882	tightly_const	2	8.32150697465734e-07	8.36837527938167e-07	8.36835283597724e-07	0	17	1	1
YGR254W	P00924	ENO1	46.81564	2	1.95572682626001	essential	2	1.63194262372037e-06	1.81521241064032e-06	1.81304117029153e-06	0	5	2	1
YOR283W	Q12040	YOR283W	26.17622	2	1.95572682626001	essential	2	4.9413075503985e-07	5.04118451845623e-07	5.00599802881112e-07	1	4	0	1
YOR095C	Q12189	RKI1	28.25777	2	1.66548559215511	tightly_const	2	2.35506398217453e-06	2.36200528889305e-06	2.36191673624561e-06	1	2	0	1
YAL038W	P00549	CDC19	54.54404	2	1.49388302593929	essential	2	1.13963753028267e-06	1.27808116397507e-06	1.27776143496071e-06	0	6	3	1
YBR196C	P12709	PGI1	61.29832	2	1.17333820603404	tightly_const	2	3.79017281182891e-07	3.80766799534121e-07	3.79009840794719e-07	1	2	0	1
YDR050C	P00942	TPI1	26.79508	2	1.13326022226106	essential	2	2.63943874997231e-08	2.97587926450024e-08	2.63909725113405e-08	1	2	0	1
YMR205C	P16862	PFK2	104.61673	2	1.12707065844142	tightly_const	2	6.39767991236645e-07	6.42679138667069e-07	6.42465247659199e-07	1	9	0	1
YCR012W	P00560	PGK1	44.73787	2	1.03608994893087	tightly_const	2	7.76967111923911e-07	7.79103881214627e-07	7.76968748265842e-07	1	4	0	1
YJL052W	P00360	TDH1	35.74956	2	1.03608994893087	tightly_const	2	1.43781502966024e-05	1.43840666743369e-05	1.43792796165403e-05	0	8	4	1
YDR516C	Q04409	EMI2	55.92028	2	1.00070402306091	tightly_const	2	1.85797760693132e-07	1.86182685119138e-07	1.86178000000186e-07	1	4	0	1
YPL023C	P46151	MET12	73.94088	0	0.293884450454309	subOpt_isoenz	0	0	1.40931120190332e-08	0	0	6	5	2
YDR502C	P19358	SAM2	42.2555	0	0.293827460547136	subOpt_isoenz	0	0	2.08897254083858e-09	0	0	7	6	2
YAL062W	P39708	GDH3	49.62653	0	0.271805694096617	subOpt_isoenz	0	0	1.57474789473523e-06	0	0	8	7	2
YBL039C	P28274	URA7	64.70953	0	0.258201785040243	subOpt_isoenz	0	0	3.66932946635564e-08	0	0	12	8	2
YBR218C	P32327	PYC2	130.16549	0	0.251714100708898	subOpt_isoenz	0	0	4.7496307619934e-07	0	0	8	9	2
YDL066W	P21954	IDP1	48.18986	0	0.127538851514444	subOpt_isoenz	0	0	6.48429370302382e-10	0	1	5	0	2
YGR208W	P42941	SER2	34.20684	0	0.00804587057059137	subOpt_isoenz	0	0	1.17565790996311e-11	0	1	4	0	2
YOR184W	P33330	SER1	43.41501	0	0.00804587057059137	subOpt_isoenz	0	0	3.79607960781093e-09	0	1	4	0	2
YCL040W	P17709	GLK1	55.37689	0	0	subOpt_isoenz	0	0	1.95660520517828e-09	0	1	6	0	2
YKL029C	P36013	MAE1	74.37529	0	0	subOpt_isoenz	0	0	9.42960969272993e-11	0	1	7	0	2
YLR438W	P07991	CAR2	46.08557	0	0	subOpt_isoenz	0	0	1.93218243697871e-11	0	1	4	0	2
YMR246W	P47912	FAA4	77.26612	0	0	subOpt_isoenz	0	0	1.26417091926278e-09	0	1	48	0	2
YOR317W	P30624	FAA1	77.86529	0	0	subOpt_isoenz	0	0	1.25398160156698e-09	0	1	52	0	2
YLR446W	Q06204	YLR446W	48.96875	0	0	subOpt_isoenz	0	0	1.84102943261344e-09	0	1	20	0	2
YDR452W	Q04119	PPN1	78.34335	1	1000	opt_isoenz	2	0	1.1500718630637e-09	1.59461388661699e-12	1	11	0	3
YER081W	P40054	SER3	51.1927	0	0.00804587057059137	subOpt_isoenz	0	0	3.03931371034943e-11	0	0	6	12	3
YIL074C	P40510	SER33	51.18777	0	0.00804587057059137	subOpt_isoenz	0	0	3.03931873542713e-11	0	0	6	12	3
YER070W	P21524	RNR1	99.56021	0	0	subOpt_isoenz	0	0	9.238258278007e-10	0	0	24	13	3
YFR053C	P04806	HXK1	53.73784	0	0	subOpt_isoenz	0	0	2.03038478025959e-09	0	0	12	14	3
YGL253W	P04807	HXK2	53.9419	0	0	subOpt_isoenz	0	0	1.79409704056426e-09	0	0	12	14	3
YGR180C	P49723	RNR4	40.05407	0	0	subOpt_isoenz	0	0	2.37539641491859e-09	0	0	24	13	3
YIL066C	P21672	RNR3	97.51369	0	0	subOpt_isoenz	0	0	9.43497053962248e-10	0	0	24	13	3
