genes	enzymes	shortNames	MWs	actions	k_scores	OE	minUsage	maxUsage	pUsage	foldChange	unique	conectivity	groups	priority
YEL046C	P37303	GLY1	42.81463	OE	1000	2	3.96828560571083e-07	3.96894307059142e-07	3.96828560571058e-07	1.00000100000101	1	4	0	1
YML042W	P32796	CAT2	77.24096	OE	1000	2	1.38318539228242e-08	1.41592420329937e-08	1.3864503723288e-08	1.000001000001	1	8	0	1
YMR205C	P16862	PFK2	104.61673	OE	400.772369874143	2	4.08798029000983e-07	7.35176792407146e-07	7.35152231649295e-07	1.000001000001	1	9	0	1
YLR174W	P41939	IDP2	46.56172	OE	33.1126293271292	2	4.17225394683658e-06	0.00196142285326828	4.17268690696944e-06	1.00000100000103	1	5	0	1
YPR035W	P32288	GLN1	41.7656	OE	15.2703163380934	2	4.57585679810973e-06	5.94191131479845e-06	5.94143191329873e-06	1.00000100000101	1	7	0	1
YOL126C	P22133	MDH2	40.7305	OE	8.8828351139439	2	2.90381706883631e-08	0.00223748979094822	2.90411154461099e-08	1.000001000001	1	5	0	1
YKL085W	P17505	MDH1	35.64959	OE	8.62614726899214	2	1.27753565924595e-06	0.00255762879337841	1.27766823075787e-06	1.00000100000094	1	5	0	1
YDR158W	P13663	HOM2	39.54334	OE	3.52413875332452	2	1.07365282084731e-07	1.07380177239913e-07	1.07365282084732e-07	1.000001000001	1	6	0	1
YER052C	P10869	HOM3	58.10913	OE	3.52413875332452	2	8.97705014822246e-08	8.97829573946596e-08	8.97705014822146e-08	1.000001000001	1	4	0	1
YCR053W	P16120	THR4	57.47349	OE	3.52413875332451	2	4.99150003941815e-09	4.99528067821508e-09	4.99458776186234e-09	1.00000100000101	1	6	0	1
YHR025W	P17423	THR1	38.71215	OE	3.52413875332451	2	4.99150003941836e-07	4.99528077512454e-07	4.99458776186234e-07	1.00000100000101	1	5	0	1
YJR139C	P31116	HOM6	38.50163	OE	3.52413875332451	2	9.02473446856751e-07	9.02598667615822e-07	9.02473446856684e-07	1.000001000001	1	7	0	1
YDR050C	P00942	TPI1	26.79508	OE	1.29572670458453	2	3.02520056296178e-08	0.00340113325520376	3.02523762330364e-08	1.00000099999618	1	2	0	1
YCR012W	P00560	PGK1	44.73787	OE	1.28461662817822	2	9.7395619828887e-07	0.00203801403458345	9.73961824901601e-07	1.00000100000164	1	4	0	1
YBR196C	P12709	PGI1	61.29832	OE	1.26287216877425	2	3.91912038564858e-07	0.00148710354051472	3.91917662784338e-07	1.00000100000077	1	2	0	1
YDR516C	Q04409	EMI2	55.92028	OE	1.0006684855013	2	1.69348990625716e-07	1.86182229481212e-07	1.86178e-07	1.000001000001	1	4	0	1
YDL052C	P33333	SLC1	33.88654	deletion	0.120352917520256	0	0	1.59707685001206e-06	0	1.000001000001	1	28	0	1
YCL040W	P17709	GLK1	55.37689	deletion	0	0	0	9.16385470547017e-08	0	1.000001000001	1	6	0	1
YDL066W	P21954	IDP1	48.18986	deletion	0	0	0	9.01483913259382e-10	0	1.00000100000101	1	5	0	1
YGR208W	P42941	SER2	34.20684	deletion	0	0	0	5.23250009836096e-12	0	1.000001000001	1	4	0	1
YHR002W		LEU5	NaN	deletion	0	0	0	0	0	1.000001000001	1	2	0	1
YNL241C	P11412	ZWF1	57.5209	deletion	0	0	0	6.64811258020753e-12	0	1.00000100000099	1	5	0	1
YOR184W	P33330	SER1	43.41501	deletion	0	0	0	1.6895237674991e-09	0	1.000001000001	1	4	0	1
YOR388C	Q08911	FDH1	41.7138	deletion	0	0	0	8.14082953952596e-11	0	1.000001000001	1	4	0	1
YLR446W	Q06204	YLR446W	48.96875	deletion	0	0	0	1.50352697164115e-05	0	1.000001000001	1	20	0	1
YAR035W	P80235	YAT1	77.76483	OE	1000	2	0	1.40381971169678e-08	1.37459784751933e-08	1.000001000001	0	5	1	2
YGL062W	P11154	PYC1	130.09827	OE	4.66312883665136	2	0	4.59323485846289e-06	4.5928137844671e-06	1.00000100000101	0	8	2	2
YBR221C	P32473	PDB1	40.0532	OE	3.65699748887183	2	3.46027494119622e-06	3.46045582322032e-06	3.46045582322032e-06	1.000001000001	0	6	3	2
YAL038W	P00549	CDC19	54.54404	OE	2.61215312611632	2	0	2.23580224003986e-06	2.23576332005477e-06	1.000001000001	0	6	4	2
YGR254W	P00924	ENO1	46.81564	OE	2.43376809700643	2	0	0.0019489079249228	2.27272060913663e-06	1.000001000001	0	5	5	2
YLR354C	P15019	TAL1	37.0359	OE	1.3419922170622	2	0	0.00246416285553378	3.49905484933737e-06	1.00000100000099	0	6	6	2
YJL052W	P00360	TDH1	35.74956	OE	1.28461662817822	2	0	0.00256722542256893	1.80250099471236e-05	1.00000100000101	0	8	7	2
YDR148C	P19262	KGD2	50.43011	deletion	0	0	0	3.04260335856455e-07	0	1.000001000001	0	11	10	2
YFR053C	P04806	HXK1	53.73784	deletion	0	0	0	9.16385470547299e-08	0	1.000001000001	0	12	12	2
YGL253W	P04807	HXK2	53.9419	deletion	0	0	0	1.98176414196756e-07	0	1.00000100000101	0	12	12	2
YGR087C	P26263	PDC6	61.57964	deletion	0	0	0	2.03561133658655e-10	0	1.000001000001	0	17	13	2
YLR044C	P06169	PDC1	61.49468	deletion	0	0	0	8.70399236638972e-11	0	1.000001000001	0	17	13	2
YLR134W	P16467	PDC5	61.91138	deletion	0	0	0	2.03561134067155e-10	0	1.000001000001	0	17	13	2
YBL039C	P28274	URA7	64.70953	deletion	0.142221809719814	0	0	2.17887641464118e-08	0	1.00000100000101	0	12	8	3
YER070W	P21524	RNR1	99.56021	deletion	0.117199523590023	0	0	2.53032357972827e-07	0	1.000001000001	0	24	9	3
YIL066C	P21672	RNR3	97.51369	deletion	0.117199523590023	0	0	2.53032357970918e-07	0	1.000001000001	0	24	9	3
YJL026W	P09938	RNR2	46.14681	deletion	0.117199523590023	0	0	2.53032357972404e-07	0	1.000001000001	0	24	9	3
