genes	enzymes	shortNames	MWs	actions	k_scores	OE	minUsage	maxUsage	pUsage	foldChange	unique	conectivity	groups	priority
YHR208W	P38891	BAT1	43.59553	1	336.906228503494	2	3.97953439433205e-08	0.00190911871060563	3.98081037028221e-08	1.00000100000123	1	16	0	1
YPL262W	P08417	FUM1	53.15125	1	334.498545252272	2	1.67121221779472e-08	0.00156587208742527	1.67126081262139e-08	1.000001000001	1	6	0	1
YGR155W	P32582	CYS4	56.02121	2	65.9987977630463	2	5.45591925624996e-07	5.45855136352774e-07	5.457235309889e-07	1.00000100000101	1	4	0	1
YJL121C	P46969	RPE1	25.96689	1	10.2743983827589	2	1.0382117925583e-06	0.00320616675572718	1.03829536247172e-06	1.00000100000088	1	2	0	1
YLR174W	P41939	IDP2	46.56172	1	9.55219087571444	2	8.59854298085388e-07	0.00178832165764715	8.6008957673712e-07	1.00000100000104	1	5	0	1
YKL001C	Q02196	MET14	23.06018	2	9.25438695747176	2	3.28546877937829e-06	3.28574131343562e-06	3.28546877937829e-06	1.00000100000098	1	5	0	1
YOL064C	P32179	MET22	39.14886	2	9.25438695747176	2	1.3141765370171e-06	1.31431508508504e-06	1.31418647091459e-06	1.000001000001	1	4	0	1
YCL050C	P16550	APA1	36.49211	2	9.25438695747175	2	1.50510425384573e-07	1.50596585295282e-07	1.50584094141997e-07	1.000001000001	1	9	0	1
YPR167C	P18408	MET16	30.3799	2	9.25438695747175	2	4.13030554134377e-06	4.13064815574684e-06	4.13030554134377e-06	1.000001000001	1	7	0	1
YDR353W	P29509	TRR1	34.23767	2	7.94700893259444	2	4.36316376290546e-07	4.36353005890177e-07	4.36316376290546e-07	1.00000100000101	1	6	0	1
YKL029C	P36013	MAE1	74.37529	2	6.82081322482045	2	3.12765212976051e-07	3.13049352896013e-07	3.12867576766516e-07	1.000001000001	1	7	0	1
YNL241C	P11412	ZWF1	57.5209	2	6.24060026886723	2	3.08300642565387e-07	3.08329172484012e-07	3.08323131064499e-07	1.00000100000098	1	5	0	1
YPR035W	P32288	GLN1	41.7656	2	5.39519882913141	2	8.98860253277764e-07	8.99128708397362e-07	8.98860253277754e-07	1.000001000001	1	7	0	1
YOL126C	P22133	MDH2	40.7305	1	4.17887735768979	2	1.13342976702621e-08	0.00204337562783508	1.13358666973188e-08	1.000001000001	1	5	0	1
YOR095C	Q12189	RKI1	28.25777	1	4.02003664384505	2	8.04620460592867e-06	0.00295333084036191	8.04669872864582e-06	1.000001000001	1	2	0	1
YNL316C	P32452	PHA2	38.22484	2	3.39834531319697	2	6.57524632445714e-09	6.57530777646445e-09	6.57524632445714e-09	1.000001000001	1	5	0	1
YBR248C	P33734	HIS7	61.06729	2	3.14921939768897	2	4.23626969949409e-08	4.23638963224971e-08	4.23626969949409e-08	1.000001000001	1	6	0	1
YCL030C	P00815	HIS4	87.72027	2	3.14921939768897	2	1.71119178005059e-07	1.71124022548979e-07	1.71119178005059e-07	1.00000100000101	1	10	0	1
YER055C	P00498	HIS1	32.26611	2	3.14921939768897	2	2.16521433445437e-06	2.16527563369657e-06	2.16521433445437e-06	1.000001000001	1	4	0	1
YFR025C	P38635	HIS2	38.58138	2	3.14921939768897	2	2.73180972439207e-09	2.73188706447842e-09	2.73180972439207e-09	1.00000100000099	1	4	0	1
YIL020C	P40545	HIS6	29.55623	2	3.14921939768897	2	1.82689446477885e-07	1.82694618586901e-07	1.82689446477885e-07	1.000001000001	1	5	0	1
YIL116W	P07172	HIS5	42.64564	2	3.14921939768897	2	1.88582484704482e-09	1.88587661064385e-09	1.88582484704482e-09	1.000001000001	1	4	0	1
YOR202W	P06633	HIS3	23.83295	2	3.14921939768897	2	5.84606397095739e-09	5.8462294784937e-09	5.84606397095739e-09	1.00000100000101	1	3	0	1
YPR060C	P32178	ARO7	29.7468	2	2.99503846038959	2	5.49112957955824e-08	5.49126382858757e-08	5.49112957955824e-08	1.000001000001	1	2	0	1
YCL018W	P04173	LEU2	38.95257	2	2.83377992404045	2	2.61017413013392e-06	2.61019292574901e-06	2.61017413013392e-06	1.00000100000099	1	5	0	1
YGL009C	P07264	LEU1	85.79356	1	2.83377992404045	2	5.09644584030526e-06	0.000975183371829055	5.09644584030526e-06	1.000001000001	1	4	0	1
YNL104C	P06208	LEU4	68.40819	2	2.83377992404045	2	1.71246988136402e-06	1.71299518078725e-06	1.71298284576117e-06	1.00000100000101	1	13	0	1
YDR127W	P08566	ARO1	174.75305	2	2.78356429519837	2	1.3110279961037e-06	1.31105868012003e-06	1.3110279961037e-06	1.000001000001	1	14	0	1
YGL148W	P28777	ARO2	40.83793	2	2.78356429519837	2	2.38012006904631e-05	2.38017577467852e-05	2.38012006904631e-05	1.000001000001	1	3	0	1
YDL131W	Q12122	LYS21	48.59372	2	2.75578473388481	2	3.59953558922206e-05	3.59955943151588e-05	3.59953558922206e-05	1.000001000001	1	6	0	1
YDR234W	P49367	LYS4	75.14989	1	2.75578473388481	2	8.88364683032588e-06	0.00112525046089621	1.77672936606518e-05	1.000001000001	1	6	0	1
YIL094C	P40495	LYS12	40.06854	2	2.75578473388481	2	1.30642241400799e-06	1.30643106737633e-06	1.30642241400799e-06	1.000001000001	1	6	0	1
YIR034C	P38998	LYS1	41.46445	2	2.75578473388481	2	1.18133609972727e-06	1.18134392455963e-06	1.18133609972727e-06	1.000001000001	1	7	0	1
YNR050C	P38999	LYS9	48.91735	2	2.75578473388481	2	6.77583249945632e-08	6.77587737054812e-08	6.77583249945632e-08	1.000001000001	1	7	0	1
YKL085W	P17505	MDH1	35.64959	1	2.51705733961097	2	3.80817562308364e-07	0.00233497228401242	3.80891850250997e-07	1.00000100000094	1	5	0	1
YBR166C	P20049	TYR1	50.92272	2	2.46559886150819	2	2.70705954111635e-07	2.70724381451355e-07	2.70705954111635e-07	1.00000100000099	1	5	0	1
YHR018C	P04076	ARG4	51.9886	1	2.31612357691852	2	3.60789871111428e-09	0.0016008785938384	3.60789871111428e-09	1.00000100000258	1	3	0	1
YJL088W	P05150	ARG3	37.84479	2	2.31612357691852	2	1.28916236440398e-07	1.28927019639091e-07	1.28916236440398e-07	1.000001000001	1	5	0	1
YOL058W	P22768	ARG1	46.92715	1	2.31612357691852	2	6.12749143527624e-07	0.00177415239580768	6.12749143527624e-07	1.00000100000101	1	7	0	1
YER069W	Q01217	ARG5,6	94.86823	2	2.13688395090875	2	5.14894483593892e-06	5.15323197495139e-06	5.15261952652225e-06	1.000001000001	1	9	0	1
YMR062C	Q04728	ARG7	47.84821	1	2.13688395090875	2	1.12990614958835e-06	0.00174053260659042	1.13071253917497e-06	1.000001000001	1	9	0	1
YOL140W	P18544	ARG8	46.68082	2	2.13688395090875	2	1.27892938737702e-05	1.27999425566672e-05	1.2798421316252e-05	1.000001000001	1	4	0	1
YNL220W	P80210	ADE12	48.27868	2	2.04738367115955	2	1.11635132299477e-06	1.11686578069352e-06	1.11635132299471e-06	1.000001000001	1	7	0	1
YER023W	P32263	PRO3	30.13145	2	1.9619971561396	2	1.33522445787785e-08	1.33556421693453e-08	1.33522445787785e-08	1.000001000001	1	6	0	1
YLR438W	P07991	CAR2	46.08557	2	1.9619971561396	2	9.50416564718994e-08	9.52112043531688e-08	9.51869832273365e-08	1.000001000001	1	4	0	1
YCR053W	P16120	THR4	57.47349	2	1.43767946417554	2	4.49213015573594e-09	4.49449438956876e-09	4.49386392721278e-09	1.000001000001	1	6	0	1
YDR158W	P13663	HOM2	39.54334	2	1.43767946417554	2	9.66009237030064e-08	9.66151093470102e-08	9.66015597683074e-08	1.00000100000099	1	6	0	1
YER052C	P10869	HOM3	58.10913	2	1.43767946417554	2	8.07701979866986e-08	8.07820428394535e-08	8.07707137352019e-08	1.00000100000099	1	4	0	1
YHR025W	P17423	THR1	38.71215	2	1.43767946417554	2	4.49213015574004e-07	4.49449438956815e-07	4.49386392721278e-07	1.00000100000098	1	5	0	1
YJR139C	P31116	HOM6	38.50163	2	1.43767946417554	2	8.11992171873486e-07	8.12111436824654e-07	8.11997518406688e-07	1.00000100000099	1	7	0	1
YCR012W	P00560	PGK1	44.73787	1	1.06571287848665	2	7.88929442219794e-07	0.0018611187493799	7.88932959635416e-07	1.00000100000152	1	4	0	1
YDR007W	P00912	TRP1	24.14425	2	1.02698588875665	2	1.28125369945918e-08	1.28218163681774e-08	1.28125369945918e-08	1.000001000001	1	2	0	1
YDR354W	P07285	TRP4	41.37402	2	1.02698588875665	2	3.04850259588692e-07	3.050710448591e-07	3.04850259588692e-07	1.00000100000101	1	4	0	1
YER090W	P00899	TRP2	56.76706	2	1.02698588875665	2	1.52425129794346e-06	1.52441439642651e-06	1.52425129794346e-06	1.00000100000101	1	6	0	1
YGL026C	P00931	TRP5	76.62516	2	1.02698588875665	2	1.13962630580945e-09	1.14045167070445e-09	1.13962630580945e-09	1.00000100000101	1	5	0	1
YKL211C	P00937	TRP3	53.48881	2	1.02698588875665	2	1.60389681538356e-06	1.60406843612477e-06	1.60389681538356e-06	1.000001000001	1	10	0	1
YDR516C	Q04409	EMI2	55.92028	2	1.00042061955046	2	1.64377530710394e-07	1.86180370570148e-07	1.86111078310812e-07	1.000001000001	1	4	0	1
YDL052C	P33333	SLC1	33.88654	0	0.121944357246975	0	0	1.56749290834789e-06	0	1.000001000001	1	28	0	1
YNR019W	P53629	ARE2	74.022	0	0.107676212005534	0	0	0.0011243582992176	0	1.000001000001	1	84	0	1
YOR245C	Q08650	DGA1	47.71075	0	0.0852643180083015	0	0	5.49673631737246e-08	0	1.00000100000098	1	122	0	1
YOR388C	Q08911	FDH1	41.7138	0	0	0	0	3.04248760589898e-10	0	1.00000100000099	1	4	0	1
YPR074C	P23254	TKL1	73.80488	1	31.4960556972965	2	0	0.00112937355254371	1.70791946425327e-06	1.00000100000101	0	10	1	2
YLL058W	Q12198	YLL058W	64.22244	1	23.356386104341	2	0	0.0012961613825464	2.38942805468703e-07	1.00000100000099	0	16	2	2
YFR030W	P39692	MET10	114.82714	2	9.25438695747139	2	9.26672549531589e-08	9.26703616170928e-08	9.26672549531589e-08	1.00000100000101	0	6	3	2
YHR163W	P38858	SOL3	27.78417	2	6.24060026886723	2	0	1.95110922847959e-05	1.95107098729365e-05	1.00000100000099	0	5	4	2
YHR183W	P38720	GND1	53.54274	2	6.24060026886723	2	0	5.36018756378351e-06	5.36008250563203e-06	1.000001000001	0	6	5	2
YBR249C	P32449	ARO4	39.74874	2	2.78356429519837	2	0	1.69733962324949e-07	1.69729989871415e-07	1.000001000001	0	12	6	2
YGL154C	P50113	LYS5	30.68281	2	2.75578473388481	2	5.32593460383967e-07	5.32596987338044e-07	5.32593460383967e-07	1.000001000001	0	8	7	2
YGL062W	P11154	PYC1	130.09827	2	2.71289296173411	2	0	2.56990139052162e-06	2.56949547189186e-06	1.000001000001	0	8	8	2
YPR145W	P49089	ASN1	64.46973	2	2.228211137232	2	0	3.79498445492287e-06	3.7939441902525e-06	1.000001000001	0	10	9	2
YBR221C	P32473	PDB1	40.0532	2	2.04360531795969	2	1.74614612776726e-06	1.74629269175301e-06	1.74624732640304e-06	1.000001000001	0	6	10	2
YGR254W	P00924	ENO1	46.81564	1	1.86474438850719	2	0	0.00177946752187737	1.70008337343477e-06	1.000001000001	0	5	11	2
YAL038W	P00549	CDC19	54.54404	2	1.79289644272404	2	0	1.50694075088496e-06	1.50692035370504e-06	1.00000100000099	0	6	12	2
YOR303W	P07258	CPA1	45.36103	2	1.56237703001417	2	4.22032096669847e-09	4.22091192779593e-09	4.22032096669847e-09	1.00000100000099	0	9	13	2
YMR120C	P38009	ADE17	65.26269	1	1.53959918763842	2	0	0.0012767611234584	1.49593090046561e-06	1.000001000001	0	10	14	2
YJL052W	P00360	TDH1	35.74956	1	1.06571287848665	2	0	0.00234266169355126	1.46007000289552e-05	1.000001000001	0	8	15	2
YER099C	P38620	PRS2	34.76468	2	1.02036483858952	2	0	1.20822435387007e-05	1.20779563996872e-05	1.00000100000101	0	6	16	2
YDR148C	P19262	KGD2	50.43011	0	0	0	0	5.7572827210112e-08	0	1.00000100000099	0	11	19	2
YIL125W	P20967	KGD1	114.41496	0	0	0	0	5.7572827210112e-08	0	1.000001000001	0	11	19	2
YBL039C	P28274	URA7	64.70953	0	0.144784682568423	0	0	2.16566926441577e-08	0	1.000001000001	0	12	17	3
YER070W	P21524	RNR1	99.56021	0	0.12981410566486	0	0	2.52981004327117e-07	0	1.000001000001	0	24	18	3
YIL066C	P21672	RNR3	97.51369	0	0.12981410566486	0	0	2.52981004325676e-07	0	1.00000100000099	0	24	18	3
YJL026W	P09938	RNR2	46.14681	0	0.12981410566486	0	0	2.52981004326292e-07	0	1.000001000001	0	24	18	3
