genes	enzymes	shortNames	MWs	actions	k_scores	OE	minUsage	maxUsage	pUsage	foldChange	unique	conectivity	groups	priority
YBR166C	P20049	TYR1	50.92272	OE	1000	2	1.85854276478782e-07	1.85883087783181e-07	1.85854276478782e-07	1.000001000001	1	5	0	1
YBR248C	P33734	HIS7	61.06729	OE	1000	2	2.23885687639366e-08	2.23902991281445e-08	2.23885687639366e-08	1.000001000001	1	6	0	1
YCL030C	P00815	HIS4	87.72027	OE	1000	2	9.04360145920852e-08	9.04432335124761e-08	9.04360145920852e-08	1.000001000001	1	10	0	1
YDR127W	P08566	ARO1	174.75305	OE	1000	2	1.14969723126975e-06	1.14974520599369e-06	1.14969723126975e-06	1.000001000001	1	14	0	1
YER055C	P00498	HIS1	32.26611	OE	1000	2	1.14430981628441e-06	1.14440115911401e-06	1.14430981628441e-06	1.000001000001	1	4	0	1
YFR025C	P38635	HIS2	38.58138	OE	1000	2	1.44375392038535e-09	1.44381026421189e-09	1.44375392038535e-09	1.000001000001	1	4	0	1
YGL148W	P28777	ARO2	40.83793	OE	1000	2	2.08723037311528e-05	2.08731746935088e-05	2.08723037311528e-05	1.000001000001	1	3	0	1
YGR155W	P32582	CYS4	56.02121	OE	1000	2	5.71925078754746e-07	5.72315013727928e-07	5.72120046241567e-07	1.000001000001	1	4	0	1
YIL020C	P40545	HIS6	29.55623	OE	1000	2	9.65508696342937e-08	9.65585766638998e-08	9.65508696342937e-08	1.000001000001	1	5	0	1
YIL116W	P07172	HIS5	42.64564	OE	1000	2	9.96653241172186e-10	9.96692136482792e-10	9.96653241172186e-10	1.000001000001	1	4	0	1
YLR438W	P07991	CAR2	46.08557	OE	1000	2	8.11197422897372e-08	8.12919783833694e-08	8.12489193598439e-08	1.000001000001	1	4	0	1
YNL241C	P11412	ZWF1	57.5209	OE	1000	2	2.54903483766061e-07	2.54933321642771e-07	2.5491809425486e-07	1.000001000001	1	5	0	1
YNL316C	P32452	PHA2	38.22484	OE	1000	2	6.86899563934988e-09	6.86908851747127e-09	6.86899563934988e-09	1.000001000001	1	5	0	1
YOR202W	P06633	HIS3	23.83295	OE	1000	2	3.08962871810976e-09	3.08974929371626e-09	3.08962871810976e-09	1.000001000001	1	3	0	1
YPR060C	P32178	ARO7	29.7468	OE	1000	2	5.03016734497477e-08	5.03037724448818e-08	5.03016734497477e-08	1.000001000001	1	2	0	1
YER069W	Q01217	ARG5,6	94.86823	OE	17.4079860896424	2	4.62624645284446e-06	4.63060156523468e-06	4.62951278714005e-06	1.000001000001	1	9	0	1
YMR062C	Q04728	ARG7	47.84821	OE	17.4079860896424	2	1.01520301404411e-06	0.00175574353258655	1.01591979220388e-06	1.000001000001	1	9	0	1
YOL140W	P18544	ARG8	46.68082	OE	17.4079860896424	2	1.14909806384079e-05	1.15017981581166e-05	1.14990937781865e-05	1.000001000001	1	4	0	1
YOR095C	Q12189	RKI1	28.25777	OE	13.4685773101486	2	6.52911592904957e-06	0.00297776422048653	6.52943695422604e-06	1.000001000001	1	2	0	1
YOL058W	P22768	ARG1	46.92715	OE	9.69894175110497	2	5.74661300865451e-07	0.00178974083115392	5.74661300865451e-07	1.00000100000099	1	7	0	1
YHR018C	P04076	ARG4	51.9886	OE	9.69894175110497	2	3.38363551972268e-09	0.00161498356593771	3.38363551972268e-09	1.00000100000292	1	3	0	1
YJL088W	P05150	ARG3	37.84479	OE	9.69894175110497	2	1.20902938695299e-07	1.20918274530915e-07	1.20902938695299e-07	1.000001000001	1	5	0	1
YOL126C	P22133	MDH2	40.7305	OE	9.49397923407638	2	1.5249683954416e-08	0.0020613834721618	1.52526187025838e-08	1.00000100000101	1	5	0	1
YPR035W	P32288	GLN1	41.7656	OE	9.36239829751171	2	8.68031677664655e-07	1.21675620439835e-06	1.21631232003849e-06	1.000001000001	1	7	0	1
YER023W	P32263	PRO3	30.13145	OE	6.67447511035151	2	1.13970987026988e-08	1.14031387576889e-08	1.13970987026988e-08	1.000001000001	1	6	0	1
YKL085W	P17505	MDH1	35.64959	OE	5.72370097565297	2	4.13121077506398e-07	0.00235557455276889	4.13253172320782e-07	1.00000100000093	1	5	0	1
YCR053W	P16120	THR4	57.47349	OE	4.71732012523857	2	2.61196072855446e-09	2.61350183170314e-09	2.61196072855446e-09	1.000001000001	1	6	0	1
YDR158W	P13663	HOM2	39.54334	OE	4.71732012523857	2	5.61475568728271e-08	5.61806849271152e-08	5.61475568728271e-08	1.000001000001	1	6	0	1
YER052C	P10869	HOM3	58.10913	OE	4.71732012523857	2	4.69462217171563e-08	4.69739208205249e-08	4.69462217171563e-08	1.000001000001	1	4	0	1
YHR025W	P17423	THR1	38.71215	OE	4.71732012523857	2	2.61196072855446e-07	2.61350183170121e-07	2.61196072855446e-07	1.000001000001	1	5	0	1
YJR139C	P31116	HOM6	38.50163	OE	4.71732012523857	2	4.71955907903378e-07	4.72234370258818e-07	4.71955907903378e-07	1.000001000001	1	7	0	1
YCL018W	P04173	LEU2	38.95257	OE	4.52426577110102	2	3.23348227201226e-06	3.2335097410344e-06	3.23348227201226e-06	1.000001000001	1	5	0	1
YGL009C	P07264	LEU1	85.79356	OE	4.52426577110102	2	6.31347429454916e-06	0.000984947757678572	6.31347429454916e-06	1.000001000001	1	4	0	1
YDL131W	Q12122	LYS21	48.59372	OE	4.48038227696805	2	4.40037072752841e-05	4.40040522219473e-05	4.40037072752841e-05	1.000001000001	1	6	0	1
YDR234W	P49367	LYS4	75.14989	OE	4.48038227696805	2	1.08601063934237e-05	0.00113896133626986	2.17202127868473e-05	1.000001000001	1	6	0	1
YIL094C	P40495	LYS12	40.06854	OE	4.48038227696805	2	1.5970790692002e-06	1.59709158876118e-06	1.5970790692002e-06	1.000001000001	1	6	0	1
YIR034C	P38998	LYS1	41.46445	OE	4.48038227696805	2	1.44416318821172e-06	1.44417450905954e-06	1.44416318821172e-06	1.000001000001	1	7	0	1
YNR050C	P38999	LYS9	48.91735	OE	4.48038227696805	2	8.28333940481671e-08	8.28339283110376e-08	8.28333940481671e-08	1.000001000001	1	7	0	1
YNL220W	P80210	ADE12	48.27868	OE	2.22375521063688	2	6.1518118681193e-07	6.15943332990849e-07	6.15181186811924e-07	1.000001000001	1	7	0	1
YDR353W	P29509	TRR1	34.23767	OE	1.87155933834839	2	3.22200841697743e-07	3.22331107256181e-07	3.22200841697743e-07	1.000001000001	1	6	0	1
YCL050C	P16550	APA1	36.49211	OE	1.75264937372162	2	1.1968562998079e-07	1.19837936909218e-07	1.19827928772473e-07	1.000001000001	1	9	0	1
YKL001C	Q02196	MET14	23.06018	OE	1.75264937372162	2	2.61305097342198e-06	2.61464401365624e-06	2.6144256544671e-06	1.000001000001	1	5	0	1
YOL064C	P32179	MET22	39.14886	OE	1.75264937372162	2	1.04521956155389e-06	1.04589941545458e-06	1.04576943353662e-06	1.000001000001	1	4	0	1
YPR167C	P18408	MET16	30.3799	OE	1.75264937372162	2	3.28497990395782e-06	3.28698258404756e-06	3.28670807522333e-06	1.000001000001	1	7	0	1
YCR012W	P00560	PGK1	44.73787	OE	1.13426665547843	2	8.26023916605333e-07	0.00187754707132998	8.26030196962552e-07	1.00000100000046	1	4	0	1
YDR516C	Q04409	EMI2	55.92028	OE	1.00082638540073	2	1.86161142908209e-07	1.86183619030601e-07	1.86178e-07	1.000001000001	1	4	0	1
YBL011W	P32784	SCT1	85.69341	deletion	0.144906090177086	0	0	3.83820914511526e-06	0	1.000001000001	1	13	0	1
YOR317W	P30624	FAA1	77.86529	deletion	0.125603804816067	0	0	0.00107837196372822	0	1.000001000001	1	52	0	1
YDR300C	P32264	PRO1	47.16164	deletion	0.00853077527490163	0	0	1.09208744072474e-09	0	1.000001000001	1	4	0	1
YOR388C	Q08911	FDH1	41.7138	deletion	0.000822192337573705	0	0	2.02828947864913e-10	0	1.000001000001	1	4	0	1
YCL040W	P17709	GLK1	55.37689	deletion	0	0	0	9.17914633522509e-11	0	1.000001000001	1	6	0	1
YDR380W	Q06408	ARO10	71.38357	deletion	0	0	0	3.14808363769929e-13	0	1.000001000001	1	4	0	1
YER091C	P05694	MET6	85.85892	deletion	0	0	0	1.7113466321481e-10	0	1.000001000001	1	7	0	1
YLR446W	Q06204	YLR446W	48.96875	deletion	0	0	0	1.50603589512824e-08	0	1.000001000001	1	20	0	1
YBR249C	P32449	ARO4	39.74874	OE	1000	2	0	1.48849790201282e-07	1.48843579235949e-07	1.000001000001	0	12	1	2
YFR030W	P39692	MET10	114.82714	OE	1000	2	7.37015862940286e-08	7.3745029498541e-08	7.37403594273166e-08	1.000001000001	0	6	3	2
YHR163W	P38858	SOL3	27.78417	OE	1000	2	0	1.61321988990703e-05	1.61312353088683e-05	1.000001000001	0	5	5	2
YHR183W	P38720	GND1	53.54274	OE	1000	2	0	4.43192060460181e-06	4.43165588214884e-06	1.000001000001	0	6	6	2
YPR145W	P49089	ASN1	64.46973	OE	1000	2	0	2.27726837358214e-06	2.27541904663042e-06	1.000001000001	0	10	4	2
YGL062W	P11154	PYC1	130.09827	OE	5.69942069754514	2	0	2.91323531731025e-06	2.91281613728895e-06	1.000001000001	0	8	8	2
YGL154C	P50113	LYS5	30.68281	OE	4.48038227696805	2	6.5108640119132e-07	6.51091505081328e-07	6.5108640119132e-07	1.000001000001	0	8	9	2
YGR254W	P00924	ENO1	46.81564	OE	2.97313953610513	2	0	0.0017952428839132	1.81167153742013e-06	1.000001000001	0	5	12	2
YBR221C	P32473	PDB1	40.0532	OE	2.88828992541026	2	1.98542495008801e-06	1.98582982486677e-06	1.98578476114451e-06	1.000001000001	0	6	13	2
YAL038W	P00549	CDC19	54.54404	OE	2.70996421578063	2	0	1.63954957256e-06	1.63951343629397e-06	1.000001000001	0	6	14	2
YOR303W	P07258	CPA1	45.36103	OE	2.44006099561617	2	3.95952268830043e-09	3.96022493131677e-09	3.95952268830043e-09	1.000001000001	0	9	16	2
YMR120C	P38009	ADE17	65.26269	OE	1.19039163511933	2	0	0.00128735635171328	8.54900784787667e-07	1.000001000001	0	10	17	2
YJL052W	P00360	TDH1	35.74956	OE	1.13426665547843	2	0	0.0023638606168427	1.52872547323698e-05	1.000001000001	0	8	18	2
YIL125W	P20967	KGD1	114.41496	deletion	0.01525	0	0	3.51340366367406e-09	0	1.000001000001	0	11	22	2
YFR053C	P04806	HXK1	53.73784	deletion	0	0	0	9.17914634666332e-11	0	1.000001000001	0	12	23	2
YGL184C	P53101	STR3	51.82796	deletion	0	0	0	4.6063688883752e-09	0	1.000001000001	0	6	25	2
YGL253W	P04807	HXK2	53.9419	deletion	0	0	0	1.98507109062148e-10	0	1.000001000001	0	12	23	2
YLR155C	P0CZ17	ASP3-1	38.6862	deletion	0	0	0	9.8553318711164e-10	0	1.000001000001	0	5	26	2
YLR157C	P0CX77	ASP3-2	38.6862	deletion	0	0	0	9.8553318711164e-10	0	1.000001000001	0	5	26	2
YLR158C	P0CX78	ASP3-3	38.6862	deletion	0	0	0	9.8553318711164e-10	0	1.000001000001	0	5	26	2
YLR160C	P0CX79	ASP3-4	38.6862	deletion	0	0	0	9.8553318711164e-10	0	1.000001000001	0	5	26	2
YNL037C	P28834	IDH1	39.32357	deletion	0	0	0	4.19180020642395e-10	0	1.000001000001	0	5	27	2
YFR055W	P43623	IRC7	36.97108	deletion	0	0	0	4.60636888082842e-09	0	1.000001000001	0	6	25	2
YHR046C	P38710	INM1	32.82276	deletion	0.148262699831607	0	0	1.0610144210352e-07	0	1.000001000001	0	5	19	3
YER081W	P40054	SER3	51.1927	deletion	0.107603448532319	0	0	8.56955429830268e-08	0	1.000001000001	0	6	20	3
YER070W	P21524	RNR1	99.56021	deletion	0.0918626460536908	0	0	1.26955542486671e-07	0	1.000001000001	0	24	21	3
YIL066C	P21672	RNR3	97.51369	deletion	0.0918626460536908	0	0	1.26955542487691e-07	0	1.000001000001	0	24	21	3
YJL026W	P09938	RNR2	46.14681	deletion	0.0918626460536908	0	0	1.26955542486628e-07	0	1.000001000001	0	24	21	3
