genes	enzymes	shortNames	MWs	actions	k_scores	OE	minUsage	maxUsage	pUsage
YDR300C	P32264	PRO1	47.16164	2	1000	2	0	5.54839162406909e-09	5.36402108029046e-09
YOR323C	P54885	PRO2	49.73991	2	1000	2	0	7.19236295576371e-10	6.95336395386327e-10
YBR117C	P33315	TKL2	75.02862	1	96.570065216783	2	0	0.00118211038714842	0
YPR074C	P23254	TKL1	73.80488	1	81.5331248169671	2	0	0.0012017100136108	2.50074000677568e-06
YDR158W	P13663	HOM2	39.54334	2	24.2423156760282	2	1.49436565393824e-06	1.49438797529364e-06	1.49436693675171e-06
YER052C	P10869	HOM3	58.10913	2	24.2423156760282	2	1.24947237642391e-06	1.24949103980584e-06	1.2494734490128e-06
YJR139C	P31116	HOM6	38.50163	2	24.2423156760282	2	1.25610932744445e-05	1.25612808984203e-05	1.25611040561013e-05
YJL121C	P46969	RPE1	25.96689	1	21.3853632177037	2	1.51990916803707e-06	0.00340999493053125	1.52027470037525e-06
YBR296C		PHO89	NaN	1	12.1685400723133	2	0	0	0
YCR037C		PHO87	NaN	1	12.1685400723133	2	0	0	0
YJL198W		PHO90	NaN	1	12.1685400723133	2	0	0	0
YML123C		PHO84	NaN	1	12.1685400723133	2	0	0	0
YNR013C		PHO91	NaN	1	12.1685400723133	2	0	0	0
YGR248W	P53315	SOL4	28.44737	1	11.4975650833558	2	0	2.61811372459536e-05	0
YGR256W	P53319	GND2	53.92235	1	11.4975650833558	2	0	7.19261660101275e-06	0
YHR163W	P38858	SOL3	27.78417	2	11.4975650833558	2	0	2.61811372459536e-05	2.61809714577625e-05
YHR183W	P38720	GND1	53.54274	2	11.4975650833558	2	0	7.19261660101388e-06	7.19257105482669e-06
YNL241C	P11412	ZWF1	57.5209	2	11.4975650833558	2	4.13633357373241e-07	4.13734316335734e-07	4.13731696424057e-07
YLR027C	P23542	AAT2	46.05711	1	8.44972970495803	2	0	0.00192219622959767	5.05119922330947e-07
YOR095C	Q12189	RKI1	28.25777	1	6.04388167414125	2	9.2943175507603e-06	0.00314144125046291	9.2964783822064e-06
YBR218C	P32327	PYC2	130.16549	1	4.78588806390017	2	0	4.96032671390926e-06	0
YGL062W	P11154	PYC1	130.09827	2	4.78588806390015	2	0	4.96032671391107e-06	4.95858738107939e-06
YNL036W	P53615	NCE103	24.85889	1	3.25744612357206	2	0	0.00356039575883038	3.25544380060986e-10
YDR384C		ATO3	NaN	1	2.07340609831217	2	0	0	0
YGR121C		MEP1	NaN	1	2.07340609831217	2	0	0	0
YNL142W		MEP2	NaN	1	2.07340609831217	2	0	0	0
YPR138C		MEP3	NaN	1	2.07340609831217	2	0	0	0
YAL038W	P00549	CDC19	54.54404	2	1.70199934774213	2	0	1.43042148994951e-06	1.430366412449e-06
YOR347C	P52489	PYK2	55.19478	1	1.70199934774213	2	0	1.4304214899496e-06	0
YGR254W	P00924	ENO1	46.81564	1	1.58962259808255	2	0	0.00189201648598561	1.46032124453676e-06
YOR283W	Q12040	YOR283W	26.17622	1	1.58962259808255	2	0	0.00338162434000865	4.03210108593759e-07
YHR174W	P00925	ENO2	46.91368	1	1.58962259808255	2	0	0.00188806010659304	0
YKL152C	P00950	GPM1	27.60828	1	1.58962259808255	2	0	0.00320621250267624	0
YMR323W	P42222	ERR3	47.31216	1	1.58962259808255	2	0	0.00187215743510794	0
YOR393W	P0CX10	ERR1	47.32712	1	1.58962259808255	2	0	0.00187156802342235	0
YPL281C	P0CX11	ERR2	47.32712	1	1.58962259808255	2	0	0.00187156802342235	0
YAL062W	P39708	GDH3	49.62653	1	1.3057918192207	2	0	7.73049747694089e-06	0
YOR375C	P07262	GDH1	49.56931	2	1.3057918192207	2	0	7.73049747694095e-06	7.72998244073385e-06
YCR012W	P00560	PGK1	44.73787	1	1.051410893606	2	8.11358422034997e-07	0.00197916797620794	8.1135842203505e-07
YGR192C	P00359	TDH3	35.74626	1	1.051410893606	2	0	0.00249100820864885	0
YJL052W	P00360	TDH1	35.74956	1	1.051410893606	2	0	0.00249077828491443	1.50157257234819e-05
YJR009C	P00358	TDH2	35.84645	1	1.051410893606	2	0	0.00248405214272094	0
YDR516C	Q04409	EMI2	55.92028	2	1.02196434877995	2	1.86161057559282e-07	1.86183895717578e-07	1.86178186178e-07
YOR222W		ODC2	NaN	0	0.152081230947476	0	0	0	0
YPL134C		ODC1	NaN	0	0.152081230947476	0	0	0	0
YER069W	Q01217	ARG5,6	94.86823	0	0.149040837034475	0	6.27660585915643e-07	6.45763933445909e-07	6.28212021540275e-07
YMR062C	Q04728	ARG7	47.84821	0	0.149040837034475	0	1.37736483596775e-07	0.00184989442365831	1.37857492943105e-07
YOL140W	P18544	ARG8	46.68082	0	0.149040837034475	0	1.55902538138304e-06	1.60399168781574e-06	1.56039507404372e-06
YOR130C		ORT1	NaN	0	0.149040837034475	0	0	0	0
YFL018C	P09624	LPD1	54.00934	0	0.14884902561202	0	2.85276099604353e-07	3.84340083082905e-06	2.85385000779957e-07
YER141W	P40086	COX15	54.65792	0	0.145891666666667	0	0	2.3847993981e-13	2.3847993981e-13
YLR438W	P07991	CAR2	46.08557	0	0.145665681206978	0	1.22398172726581e-08	1.29557689090703e-08	1.22616254591586e-08
YBL039C	P28274	URA7	64.70953	0	0.143679819060723	0	0	2.179250648011e-08	0
YJR103W	P38627	URA8	64.50989	0	0.143679819060723	0	0	2.17925064809543e-08	2.14882689014048e-08
YBR029C	P38221	CDS1	51.82218	0	0.138490536656555	0	3.81496130254065e-08	0.00170794561610613	3.81531039063518e-08
YOR175C	Q08548	ALE1	72.22714	0	0.128848038884092	0	7.95261101544896e-09	1.15687885945064e-08	1.15008094671768e-08
YER070W	P21524	RNR1	99.56021	0	0.128354166666672	0	0	2.53328108868238e-07	0
YIL066C	P21672	RNR3	97.51369	0	0.128354166666672	0	0	2.53328108868721e-07	0
YJL026W	P09938	RNR2	46.14681	0	0.128354166666672	0	0	2.53328108867656e-07	0
YDL066W	P21954	IDP1	48.18986	0	0.127881720544282	0	2.03581844332531e-07	2.07384806392622e-07	2.05103029159026e-07
YGR180C	P49723	RNR4	40.05407	0	0.124592272274768	0	0	2.53328108868241e-07	1.81257742112201e-07
YCR048W	P25628	ARE1	71.61215	0	0.114117491750965	0	0	0.0012359279830402	1.02030632497861e-11
YGL080W		MPC1	NaN	0	0.111026651976458	0	0	0	0
YGR243W		MPC3	NaN	0	0.111026651976458	0	0	0	0
YHR162W		MPC2	NaN	0	0.111026651976458	0	0	0	0
YDL052C	P33333	SLC1	33.88654	0	0.107939687651839	0	0	1.59791513089753e-06	0
YDR503C	Q04396	LPP1	31.58604	0	0.107871341525628	0	0	5.80969890087973e-10	4.9474106999704e-10
YNR019W	P53629	ARE2	74.022	0	0.107676211825871	0	0	0.0011956921177006	0
YBR221C	P32473	PDB1	40.0532	0	0.0997267167422845	0	2.27591857125449e-07	2.27889392974434e-07	2.27706589603335e-07
YER178W	P16387	PDA1	46.34261	0	0.0997267167422845	0	2.27591857125449e-07	2.27889392974434e-07	2.27706589603335e-07
YGR193C	P16451	PDX1	45.36125	0	0.0997267167422845	0	2.27591857125449e-07	2.27889392974434e-07	2.27706589603335e-07
YNL071W	P12695	LAT1	51.81762	0	0.0997267167422845	0	2.27591857125449e-07	2.27889392974434e-07	2.27706589603335e-07
YHR002W		LEU5	NaN	0	0.0922416013102922	0	0	0	0
YOR245C	Q08650	DGA1	47.71075	0	0.0852643177388066	0	0	5.7356483787638e-08	0
YDR148C	P19262	KGD2	50.43011	0	0.0800625	0	0	3.41175334767932e-06	3.513718294128e-12
YIL125W	P20967	KGD1	114.41496	0	0.0800625	0	0	3.41175334767932e-06	3.513718294128e-12
YPL061W	P54115	ALD6	54.41344	0	0.0800625	0	3.39426961631835e-07	3.42694063061182e-07	3.42331051788578e-07
YMR267W	P28239	PPA2	35.57213	0	0.0282524374034527	0	1.44831511829565e-07	1.45175535065305e-07	1.44928749060144e-07
YCL040W	P17709	GLK1	55.37689	0	0	0	0	9.32700018831132e-11	0
YFR053C	P04806	HXK1	53.73784	0	0	0	0	9.32700017136079e-11	0
YGL253W	P04807	HXK2	53.9419	0	0	0	0	2.01704578486111e-10	0
YLR446W	Q06204	YLR446W	48.96875	0	0	0	0	1.53029448911429e-08	0
