genes	enzymes	shortNames	MWs	actions	k_scores	OE	minUsage	maxUsage	pUsage	foldChange	unique	conectivity	groups	priority
YDR300C	P32264	PRO1	47.16164	OE	1000	2	1.08876135428354e-07	1.0929780156029e-07	1.0902612724658e-07	1.00002752614023	1	4	0	1
YOR323C	P54885	PRO2	49.73991	OE	1000	2	1.41147407728638e-08	1.41689369159833e-08	1.41330231905917e-08	1.00000462656135	1	6	0	1
YJR069C	P47119	HAM1	22.09268	OE	1000	2	2.57666584717597e-12	4.47289373686741e-09	8.15824385982e-11	1.00000000011173	1	16	0	1
PAL	P45730	PAL	77.919	OE	1000	2	2.00246881506732e-08	2.00246881506733e-08	2.00246881506732e-08	1.00000904948406	1	3	0	1
C4H	C0LUU6	C4H	58.011	OE	1000	2	2.72276353099389e-09	2.72276353099389e-09	2.72276353099389e-09	1.00000181484786	1	7	0	1
4CL	C0LUU7	4CL	60.994	OE	1000	2	4.33349537000601e-06	4.33349537000602e-06	4.33349537000601e-06	1.00136644249446	1	6	0	1
IFS	Q9M6D6	IFS	58.93	OE	1000	2	0.00158595530153332	0.00158595530153332	0.00158595530153332	1.93106363539574	1	3	0	1
CHS	Q6X0M9	CHS	42.488	OE	1000	2	7.34238565524685e-05	7.34238565524686e-05	7.34238565524685e-05	1.01635805608609	1	6	0	1
CHI	C0LUV0	CHI	24.679	OE	1000	2	3.15016363740563e-09	3.15016363740563e-09	3.15016363740563e-09	1.00000140106734	1	3	0	1
YOR283W	Q12040	YOR283W	26.17622	OE	2.25952546214241	2	6.12712803185355e-07	6.23466899028311e-07	6.18597668986381e-07	1.00008469239616	1	4	0	1
YMR205C	P16862	PFK2	104.61673	OE	1.21333034087601	2	7.28612977976791e-07	7.32079986547006e-07	7.29031864590189e-07	1.00039592817568	1	9	0	1
YHR123W	P22140	EPT1	44.55926	deletion	0	0	0	1.61473807885893e-09	0	1.00000174237882	1	36	0	1
YLR133W	P20485	CKI1	66.31602	deletion	0	0	0	3.78045249916057e-11	0	1.00000101712195	1	8	0	1
YLR438W	P07991	CAR2	46.08557	deletion	0	0	0	1.7724258749535e-11	0	1.00000100842888	1	4	0	1
YML059C	Q04958	NTE1	187.13107	deletion	0	0	0	0	0	1.00000100078252	1	19	0	1
YMR246W	P47912	FAA4	77.26612	deletion	0	0	0	1.33489252538702e-09	0	1.00000205544772	1	48	0	1
YNL130C	P17898	CPT1	44.82898	deletion	0	0	0	2.13974112051684e-09	0	1.00000198095818	1	27	0	1
YNR008W	P40345	LRO1	75.39242	deletion	-0	0	0	1.27435103911367e-09	0	1.00000198254708	1	48	0	1
YOR317W	P30624	FAA1	77.86529	deletion	0	0	0	1.31007788576529e-09	0	1.00000205329183	1	52	0	1
YOR388C	Q08911	FDH1	41.7138	deletion	0	0	0	1.71160642230537e-09	0	1.00000172791742	1	4	0	1
YPL110C	Q02979	GDE1	138.01285	deletion	0	0	0	1.48862722418272e-13	0	1.00000100021299	1	5	0	1
YOL086C	P00330	ADH1	36.84874	OE	1000	2	4.36420874980216e-07	4.44713886387215e-07	4.42424131598032e-07	1.00008547024637	0	21	1	2
YLR044C	P06169	PDC1	61.49468	OE	15.9478725409539	2	3.13208778912506e-06	3.19091185531152e-06	3.13245063864354e-06	1.00101837667197	0	17	2	2
YAL038W	P00549	CDC19	54.54404	OE	2.41986088945564	2	2.05502856805072e-06	2.20460304457553e-06	2.19992200716554e-06	1.00062120100473	0	6	3	2
YGR254W	P00924	ENO1	46.81564	OE	2.25952546214241	2	2.04925287486227e-06	2.24666532453425e-06	2.24039848850088e-06	1.00054310913833	0	5	4	2
YLR354C	P15019	TAL1	37.0359	OE	1.24818710229431	2	3.4407152684529e-06	3.46988600674186e-06	3.4408953757447e-06	1.00066336792069	0	6	5	2
YGL080W		MPC1	NaN	deletion	0.130961372879064	0	0	0	0	1.00000100078252	0	4	7	2
YGR243W		MPC3	NaN	deletion	0.130961372879064	0	0	0	0	1.00000100000101	0	4	7	2
YHR162W		MPC2	NaN	deletion	0.130961372879064	0	0	0	0	1.00000100000101	0	4	7	2
YLL052C		AQY2	NaN	deletion	0.126490284679406	0	0	0	0	1.00000100000101	0	2	8	2
YOR222W		ODC2	NaN	deletion	0.114867150201416	0	0	0	0	1.00000100000101	0	6	9	2
YER053C		PIC2	NaN	deletion	0.0148533449693538	0	0	0	0	1.00000100000101	0	4	12	2
YER070W	P21524	RNR1	99.56021	deletion	0	0	0	9.78010256599776e-10	0	1.00000199512187	0	24	15	2
YGR180C	P49723	RNR4	40.05407	deletion	0	0	0	2.48541055233624e-09	0	1.00000201839506	0	24	15	2
YIL066C	P21672	RNR3	97.51369	deletion	0	0	0	9.98761724040196e-10	0	1.00000199534922	0	24	15	2
YIL125W	P20967	KGD1	114.41496	deletion	0	0	0	4.19015339359401e-10	0	1.00000149543212	0	11	14	2
YJL026W	P09938	RNR2	46.14681	deletion	0	0	0	2.16742267649753e-09	0	1.00000202245086	0	24	15	2
YBL039C	P28274	URA7	64.70953	deletion	0.133931198022575	0	0	1.92905832493935e-08	0	1.0000138707408	0	12	6	3
YAL062W	P39708	GDH3	49.62653	deletion	0.0471155798804736	0	0	7.05100678943326e-07	0	1.00036203633163	0	8	10	3
YMR145C	P40215	NDE1	62.77345	deletion	0.0342616548043711	0	0	8.70176006585182e-08	0	1.00005735087102	0	6	11	3
YER081W	P40054	SER3	51.1927	deletion	0.0147515317330249	0	0	1.54926534870265e-08	0	1.00000917437201	0	6	13	3
