genes	enzymes	shortNames	MWs	actions	k_scores	OE	minUsage	maxUsage	pUsage
YAR035W	P80235	YAT1	77.76483	2	1000	2	0	1.18972927969875e-07	1.18388578474734e-07
YBL015W	P32316	ACH1	58.71137	1	1000	2	0	0.00155207211557228	6.72736422096e-12
YBR252W	P33317	DUT1	15.30716	1	1000	2	0	2.62933281359955e-09	0
YCL025C		AGP1	NaN	1	1000	2	0	0	0
YCL064C	P25379	CHA1	39.30093	2	1000	2	0	4.52806480886597e-06	4.34940045292972e-06
YDL171C	Q12680	GLT1	238.09944	2	1000	2	0	1.41630178354202e-06	1.41558026940844e-06
YEL046C	P37303	GLY1	42.81463	2	1000	2	1.02764197577536e-06	1.02777294605835e-06	1.02764197577532e-06
YER024W	P40017	YAT2	103.33286	1	1000	2	0	3.15979200303209e-07	0
YER170W	P26364	ADK2	25.19373	1	1000	2	0	0.00361694893650987	4.17441764088e-13
YFL055W		AGP3	NaN	1	1000	2	0	0	0
YKR039W		GAP1	NaN	1	1000	2	0	0	0
YML042W	P32796	CAT2	77.24096	2	1000	2	1.19344006830193e-07	1.19998776791613e-07	1.19409388718299e-07
YOR100C		CRC1	NaN	1	1000	2	0	0	0
YOR108W	Q12166	LEU9	67.19951	2	1000	2	0	1.6386160826035e-07	1.6383786303264e-07
YPL265W		DIP5	NaN	1	1000	2	0	0	0
YJR069C	P47119	HAM1	22.09268	1	1000	2	0	0.00412463517597837	5.25428937091101e-11
YAL054C	Q01574	ACS1	79.13997	1	667.495324995179	2	0	7.08556683419605e-07	7.82703527448e-13
YLR174W	P41939	IDP2	46.56172	1	34.0452569949631	2	4.28814215102262e-06	0.0019613551261067	4.28900807197732e-06
YOL126C	P22133	MDH2	40.7305	1	9.12988167234872	2	2.98265343566309e-08	0.00223728020724239	2.98324244579676e-08
YKL085W	P17505	MDH1	35.64959	1	8.86912157420887	2	1.31302039129367e-06	0.00255742405231795	1.31328553452611e-06
YNR001C	P00890	CIT1	53.35945	2	8.86912157420887	2	0	1.76964788721466e-06	1.76963002341379e-06
YPR001W	P43635	CIT3	53.81073	1	8.86912157420887	2	0	1.76964788721466e-06	0
YDR158W	P13663	HOM2	39.54334	2	5.80152901437197	2	2.50278827476565e-07	2.5030849936838e-07	2.50278827476552e-07
YER052C	P10869	HOM3	58.10913	2	5.80152901437197	2	2.09263696948322e-07	2.0928850627738e-07	2.09263696948325e-07
YCR053W	P16120	THR4	57.47349	2	5.80152901437197	2	1.1636684723676e-08	1.1644246201057e-08	1.16428657802167e-08
YHR025W	P17423	THR1	38.71215	2	5.80152901437197	2	1.16366847236852e-06	1.16442462010578e-06	1.16428657802167e-06
YJR139C	P31116	HOM6	38.50163	2	5.80152901437197	2	2.10375264445133e-06	2.10400207307539e-06	2.10375264445129e-06
YBR218C	P32327	PYC2	130.16549	1	5.20973893273413	2	0	5.15876376423087e-06	0
YGL062W	P11154	PYC1	130.09827	2	5.20973893273413	2	0	5.15876376423087e-06	5.15792199683227e-06
YPR035W	P32288	GLN1	41.7656	2	4.95165184202883	2	1.07131211851151e-07	1.98837043819034e-06	1.98741206850913e-06
YNL036W	P53615	NCE103	24.85889	1	3.53905843868017	2	0	0.0036656620530767	3.38267853347599e-10
YBR221C	P32473	PDB1	40.0532	2	3.30133708373271	2	3.16905798572463e-06	3.16941942279568e-06	3.16941942279571e-06
YER178W	P16387	PDA1	46.34261	2	3.30133708373271	2	3.16905798572463e-06	3.16941942279568e-06	3.16941942279571e-06
YGR193C	P16451	PDX1	45.36125	2	3.30133708373271	2	3.16905798572463e-06	3.16941942279568e-06	3.16941942279571e-06
YNL071W	P12695	LAT1	51.81762	2	3.30133708373271	2	3.16905798572463e-06	3.16941942279573e-06	3.16941942279571e-06
YAL038W	P00549	CDC19	54.54404	2	2.61215262129093	2	0	2.23584090857451e-06	2.23576571469477e-06
YOR347C	P52489	PYK2	55.19478	1	2.61215262129093	2	0	2.23584090857451e-06	0
YLR153C	P52910	ACS2	75.49079	2	2.48597498553665	2	0	7.08555900716194e-07	7.08151021308543e-07
YPL061W	P54115	ALD6	54.41344	2	2.48597498553665	2	2.00781451691256e-06	2.00972676363603e-06	2.00857837579732e-06
YGR254W	P00924	ENO1	46.81564	1	2.43376766076771	2	0	0.0019487248771804	2.27272302459663e-06
YHR174W	P00925	ENO2	46.91368	1	2.43376766076771	2	0	0.0019446499500173	0
YKL152C	P00950	GPM1	27.60828	1	2.43376766076771	2	0	0.00330120842550713	0
YMR323W	P42222	ERR3	47.31216	1	2.43376766076771	2	0	0.00192827060166578	0
YOR393W	P0CX10	ERR1	47.32712	1	2.43376766076771	2	0	0.00192766352386121	0
YPL281C	P0CX11	ERR2	47.32712	1	2.43376766076771	2	0	0.00192766352386121	0
YOR283W	Q12040	YOR283W	26.17622	1	2.43376766076771	2	0	0.00348181755007301	6.27522814572102e-07
YGL080W		MPC1	NaN	1	2.25194260014129	2	0	0	0
YGR243W		MPC3	NaN	1	2.25194260014129	2	0	0	0
YHR162W		MPC2	NaN	1	2.25194260014129	2	0	0	0
YLR027C	P23542	AAT2	46.05711	1	2.09815260283523	2	0	0.00197860141486672	9.37479033181108e-08
YML120C	P32340	NDI1	57.24915	1	1.83649621841586	2	0	9.41403093341332e-05	9.92891183679583e-07
YDR384C		ATO3	NaN	1	1.78110478425894	2	0	0	0
YGR121C		MEP1	NaN	1	1.78110478425894	2	0	0	0
YNL142W		MEP2	NaN	1	1.78110478425894	2	0	0	0
YPR138C		MEP3	NaN	1	1.78110478425894	2	0	0	0
YLR354C	P15019	TAL1	37.0359	1	1.34199904214022	2	0	0.00246393149778708	3.49907488010638e-06
YGR043C	P53228	NQM1	37.25314	1	1.34199904214022	2	0	0.00244956582294884	0
YDR050C	P00942	TPI1	26.79508	1	1.29572675396641	2	3.02516366649988e-08	0.00340081346991894	3.02524082997363e-08
YCR012W	P00560	PGK1	44.73787	1	1.28461665248559	2	9.73950760657087e-07	0.00203782250495798	9.739628600336e-07
YGR192C	P00359	TDH3	35.74626	1	1.28461665248559	2	0	0.002567222732758	0
YJL052W	P00360	TDH1	35.74956	1	1.28461665248559	2	0	0.00256698572987008	1.80250291042036e-05
YJR009C	P00358	TDH2	35.84645	1	1.28461665248559	2	0	0.00256005384005043	0
YBR196C	P12709	PGI1	61.29832	1	1.26287230750254	2	3.91906302570901e-07	0.00148696375434312	3.91918068299338e-07
YDR516C	Q04409	EMI2	55.92028	2	1.00066848541875	2	1.73877324217128e-07	1.86186645147079e-07	1.86178186178e-07
YER141W	P40086	COX15	54.65792	0	0.145891666666667	0	0	2.3847993981e-13	2.3847993981e-13
YBR029C	P38221	CDS1	51.82218	0	0.144171506168648	0	3.81498171264493e-08	0.00175844143222416	3.81531039063518e-08
YBL039C	P28274	URA7	64.70953	0	0.142200680052249	0	0	2.20892598645814e-08	0
YJR103W	P38627	URA8	64.50989	0	0.142200680052249	0	0	2.20892598645814e-08	1.98031413643439e-08
YOR175C	Q08548	ALE1	72.22714	0	0.137289447800988	0	7.80487702878959e-09	1.16530986038038e-08	1.15008094672067e-08
YDL052C	P33333	SLC1	33.88654	0	0.12385408491904	0	0	1.66438772160658e-06	0
YER070W	P21524	RNR1	99.56021	0	0.117141679781392	0	0	2.53440685769366e-07	0
YIL066C	P21672	RNR3	97.51369	0	0.117141679781392	0	0	2.53440685769715e-07	0
YJL026W	P09938	RNR2	46.14681	0	0.117141679781392	0	0	2.53440685768211e-07	0
YCR048W	P25628	ARE1	71.61215	0	0.114238975572778	0	0	0.00127246930297446	1.02030632497861e-11
YGR180C	P49723	RNR4	40.05407	0	0.113430024241987	0	0	2.53440685770398e-07	9.99069157105069e-08
YDR503C	Q04396	LPP1	31.58604	0	0.107871341955937	0	0	6.6692282470589e-10	4.9474106999704e-10
YNR019W	P53629	ARE2	74.022	0	0.1078147337317	0	0	0.00123104382749409	0
YAL044C	P39726	GCV3	18.79276	0	0.10405782910992	0	1.33933016560267e-08	7.18260035503495e-08	1.33937284423581e-08
YDR019C	P48015	GCV1	44.46849	0	0.10405782910992	0	1.33933015651554e-08	7.18260035503495e-08	1.33937284423581e-08
YMR189W	P49095	GCV2	114.45033	0	0.10405782910992	0	1.33933016560267e-08	7.18260035503495e-08	1.33937284423581e-08
YOR245C	Q08650	DGA1	47.71075	0	0.0854721005975494	0	0	6.27612645925118e-08	0
YDL085W	Q07500	NDE2	61.65854	0	0.0833059559391579	0	0	8.13121358811328e-05	2.50674487484963e-07
YMR145C	P40215	NDE1	62.77345	0	0.0833059559391579	0	0	8.12309308223427e-05	0
YOR095C	Q12189	RKI1	28.25777	0	0.0733086357359206	0	2.05865910800565e-07	0.00322495536486401	2.05865910800581e-07
YLR058C	P37291	SHM2	52.21793	0	0.0043553992467216	0	1.75282131080979e-07	0.00174525474668276	1.76403978051257e-07
YCL040W	P17709	GLK1	55.37689	0	0	0	0	6.69815490946806e-08	0
YDL066W	P21954	IDP1	48.18986	0	0	0	0	1.80296925377054e-09	0
YDR148C	P19262	KGD2	50.43011	0	0	0	0	7.92249391196148e-07	0
YER081W	P40054	SER3	51.1927	0	0	0	0	2.7051541184579e-11	0
YFR053C	P04806	HXK1	53.73784	0	0	0	0	6.69815490947184e-08	0
YGL253W	P04807	HXK2	53.9419	0	0	0	0	1.44853488445099e-07	0
YGR087C	P26263	PDC6	61.57964	0	0	0	0	4.07122587758649e-10	0
YGR208W	P42941	SER2	34.20684	0	0	0	0	1.04650085415055e-11	0
YGR248W	P53315	SOL4	28.44737	0	0	0	0	8.41386742333959e-10	0
YGR256W	P53319	GND2	53.92235	0	0	0	0	2.31150090659373e-10	0
YHR002W		LEU5	NaN	0	0	0	0	0	0
YHR163W	P38858	SOL3	27.78417	0	0	0	0	8.41386742943408e-10	0
YHR183W	P38720	GND1	53.54274	0	0	0	0	2.3115009108079e-10	0
YIL074C	P40510	SER33	51.18777	0	0	0	0	2.70542104239189e-11	0
YIL125W	P20967	KGD1	114.41496	0	0	0	0	7.92249391196148e-07	0
YLR044C	P06169	PDC1	61.49468	0	0	0	0	1.74079984209897e-10	0
YLR134W	P16467	PDC5	61.91138	0	0	0	0	4.0712258840056e-10	0
YNL241C	P11412	ZWF1	57.5209	0	0	0	0	1.32962356002386e-11	0
YOR184W	P33330	SER1	43.41501	0	0	0	0	3.37905021237217e-09	0
YOR388C	Q08911	FDH1	41.7138	0	0	0	0	1.62848853847094e-10	0
YLR446W	Q06204	YLR446W	48.96875	0	0	0	0	1.09897601940537e-05	0
