genes	enzymes	shortNames	MWs	actions	k_scores	OE	minUsage	maxUsage	pUsage	foldChange	unique	conectivity	groups	priority
YBR208C	P32528	DUR1,2	201.82994	2	1000	2	1.87027093968748e-07	1.87090224675099e-07	1.87042164919645e-07	1.000001000001	1	10	0	1
YDL080C	Q07471	THI3	68.36566	1	1000	2	3.87406054059862e-07	2.19004626733364e-05	3.87791195481013e-07	1.000001000001	1	7	0	1
YDL171C	Q12680	GLT1	238.09944	2	1000	2	3.80139698034787e-08	1.43770461603119e-06	1.43752000430515e-06	1.000001000001	1	6	0	1
YEL046C	P37303	GLY1	42.81463	2	1000	2	9.52609129956824e-08	9.55285526860545e-08	9.52697775853812e-08	1.000001000001	1	4	0	1
YEL047C	P32614	FRD1	50.84351	1	1000	2	5.60413511335459e-07	0.00161237093771416	5.60436169711178e-07	1.000001000001	1	10	0	1
YGR155W	P32582	CYS4	56.02121	2	1000	2	5.70086708295851e-06	5.7012466197752e-06	5.70107410303966e-06	1.000001000001	1	4	0	1
YHR037W	P07275	PUT2	64.43444	1	1000	2	5.75357871637654e-06	0.00127759126827483	5.75381134236809e-06	1.000001000001	1	9	0	1
YLR142W	P09368	PUT1	53.27087	2	1000	2	2.57623062078241e-07	2.57744197786803e-07	2.57633478172863e-07	1.000001000001	1	4	0	1
YLR438W	P07991	CAR2	46.08557	2	1000	2	4.44812963825677e-08	4.45229814811538e-08	4.44848807586346e-08	1.000001000001	1	4	0	1
YNL241C	P11412	ZWF1	57.5209	2	1000	2	3.80806165290186e-07	3.80872135226163e-07	3.80819050475157e-07	1.000001000001	1	5	0	1
YPL111W	P00812	CAR1	35.66162	2	1000	2	1.6038046860535e-05	1.60434604784185e-05	1.6039339232734e-05	1.000001000001	1	4	0	1
YDR380W	Q06408	ARO10	71.38357	2	92.471711334852	2	7.95020660627349e-09	7.95621022819566e-09	7.95594994490425e-09	1.000001000001	1	4	0	1
YDR353W	P29509	TRR1	34.23767	2	19.9639987672522	2	3.52674686343613e-06	3.52684517298277e-06	3.52674686343613e-06	1.000001000001	1	6	0	1
YCL050C	P16550	APA1	36.49211	2	18.0237846155368	2	1.2683730058526e-06	1.26850735750577e-06	1.26849631015952e-06	1.000001000001	1	9	0	1
YKL001C	Q02196	MET14	23.06018	2	18.0237846155368	2	2.7674452918819e-05	2.76765042366756e-05	2.76762632038395e-05	1.000001000001	1	5	0	1
YOL064C	P32179	MET22	39.14886	2	18.0237846155368	2	1.10697724002626e-05	1.10706342939536e-05	1.10704965136938e-05	1.000001000001	1	4	0	1
YPR167C	P18408	MET16	30.3799	2	18.0237846155368	2	3.47907570943033e-05	3.47933358950985e-05	3.47930328822476e-05	1.000001000001	1	7	0	1
YOR095C	Q12189	RKI1	28.25777	1	17.7982693804308	2	8.45040503967875e-06	0.00290853786532382	8.4506881560655e-06	1.000001000001	1	2	0	1
YOL126C	P22133	MDH2	40.7305	1	8.86016913498624	2	1.33499205011441e-08	0.00201202121406609	1.33503733139222e-08	1.00000100000098	1	5	0	1
YKL085W	P17505	MDH1	35.64959	1	8.12174312290396	2	5.85238920606912e-07	0.00229935115826906	5.85297362571797e-07	1.00000100000095	1	5	0	1
YKL069W	P36088	YKL069W	19.73402	1	4.14627648371766	2	3.11689644804121e-07	0.00415304781321756	3.1225859250713e-07	1.000001000001	1	5	0	1
YER023W	P32263	PRO3	30.13145	2	3.74272191667026	2	6.23979303440178e-09	6.24541001257124e-09	6.24006547752955e-09	1.000001000001	1	6	0	1
YKL029C	P36013	MAE1	74.37529	2	1.42346982031692	2	6.44034938879326e-08	6.45741623581144e-08	6.44080827368942e-08	1.000001000001	1	7	0	1
YCR012W	P00560	PGK1	44.73787	1	1.14283809023841	2	8.31236472304666e-07	0.00183261341834823	8.31255671644651e-07	1.00000100000065	1	4	0	1
YDR516C	Q04409	EMI2	55.92028	2	1.00041227406473	2	8.33639802132537e-08	1.86181728994095e-07	1.86099805240887e-07	1.000001000001	1	4	0	1
YBL011W	P32784	SCT1	85.69341	0	0.144789716050451	0	0	3.8257177455713e-06	0	1.000001000001	1	13	0	1
YOR317W	P30624	FAA1	77.86529	0	0.144057497830198	0	0	0.00105255205056929	0	1.000001000001	1	52	0	1
YBR263W	P37292	SHM1	53.68589	0	0	0	0	0.00152647319343752	0	1.000001000001	1	5	0	1
YCL009C	P25605	ILV6	33.98652	0	0	0	0	4.46040120880416e-11	0	1.000001000001	1	8	0	1
YCL018W	P04173	LEU2	38.95257	0	0	0	0	9.31681262290238e-11	0	1.000001000001	1	5	0	1
YCR053W	P16120	THR4	57.47349	0	0	0	0	2.72728635599661e-12	0	1.000001000001	1	6	0	1
YDL066W	P21954	IDP1	48.18986	0	0	0	0	9.93510796843942e-11	0	1.000001000001	1	5	0	1
YDL131W	Q12122	LYS21	48.59372	0	0	0	0	3.07830557544999e-10	0	1.000001000001	1	6	0	1
YDR158W	P13663	HOM2	39.54334	0	0	0	0	5.86266341046388e-11	0	1.000001000001	1	6	0	1
YDR234W	P49367	LYS4	75.14989	0	0	0	0	0.00109048825627692	0	1.000001000001	1	6	0	1
YDR300C	P32264	PRO1	47.16164	0	0	0	0	9.66333173781461e-11	0	1.000001000001	1	4	0	1
YER052C	P10869	HOM3	58.10913	0	0	0	0	4.90190332691866e-11	0	1.000001000001	1	4	0	1
YER069W	Q01217	ARG5,6	94.86823	0	0	0	0	9.63403926690226e-10	0	1.000001000001	1	9	0	1
YER091C	P05694	MET6	85.85892	0	0	0	0	1.5900159958734e-10	0	1.000001000001	1	7	0	1
YER152C	P10356	YER152C	49.48976	0	0	0	0	0.00165589845655	0	1.000001000001	1	6	0	1
YGL009C	P07264	LEU1	85.79356	0	0	0	0	0.000955200472011532	0	1.000001000001	1	4	0	1
YHR018C	P04076	ARG4	51.9886	0	0	0	0	0.00157630870059102	0	1.000001000001	1	3	0	1
YHR025W	P17423	THR1	38.71215	0	0	0	0	2.72728635151429e-10	0	1.000001000001	1	5	0	1
YIL094C	P40495	LYS12	40.06854	0	0	0	0	1.11724617496799e-11	0	1.000001000001	1	6	0	1
YIR034C	P38998	LYS1	41.46445	0	0	0	0	1.0102729623985e-11	0	1.000001000001	1	7	0	1
YJL060W	P47039	BNA3	50.08168	0	0	0	0	0.00163632790889624	0	1.000001000001	1	10	0	1
YJL088W	P05150	ARG3	37.84479	0	0	0	0	1.35698946659282e-11	0	1.000001000001	1	5	0	1
YJR016C	P39522	ILV3	62.86049	0	0	0	0	2.87249186062206e-11	0	1.000001000001	1	5	0	1
YJR139C	P31116	HOM6	38.50163	0	0	0	0	4.92794127866696e-10	0	1.000001000001	1	7	0	1
YLR355C	P06168	ILV5	44.36792	0	0	0	0	7.32780012180386e-10	0	1.000001000001	1	7	0	1
YMR062C	Q04728	ARG7	47.84821	0	0	0	0	0.00171270984979521	0	1.000001000001	1	9	0	1
YMR108W	P07342	ILV2	74.93608	0	0	0	0	4.46040118753013e-11	0	1.000001000001	1	8	0	1
YNL104C	P06208	LEU4	68.40819	0	0	0	0	6.11435843192252e-11	0	1.000001000001	1	13	0	1
YNR050C	P38999	LYS9	48.91735	0	0	0	0	5.79465943520495e-13	0	1.000001000001	1	7	0	1
YOL058W	P22768	ARG1	46.92715	0	0	0	0	0.00174632382105828	0	1.000001000001	1	7	0	1
YOL140W	P18544	ARG8	46.68082	0	0	0	0	2.39296716293911e-09	0	1.000001000001	1	4	0	1
YOR323C	P54885	PRO2	49.73991	0	0	0	0	2.50530688120668e-11	0	1.000001000001	1	6	0	1
YJL200C	P39533	ACO2	86.58224	0	0	0	0	0.000948033884533812	0	1.000001000001	1	7	0	1
YFR030W	P39692	MET10	114.82714	2	1000	2	7.80563066194443e-07	7.80618853574879e-07	7.80614125618397e-07	1.000001000001	0	6	2	2
YHR163W	P38858	SOL3	27.78417	2	1000	2	0	2.41016160656933e-05	2.40982568588201e-05	1.000001000001	0	5	3	2
YHR183W	P38720	GND1	53.54274	2	1000	2	0	6.6213198531713e-06	6.62039699459423e-06	1.000001000001	0	6	4	2
YLR160C	P0CX79	ASP3-4	38.6862	2	667.859158724741	2	0	1.49941112164834e-06	1.49853907384952e-06	1.000001000001	0	5	5	2
YGL062W	P11154	PYC1	130.09827	2	3.679483005424	2	0	1.79775646097786e-06	1.79738555006641e-06	1.000001000001	0	8	7	2
YBR221C	P32473	PDB1	40.0532	2	2.33462157774956	2	1.55962296343129e-06	1.55986174720104e-06	1.55978215261121e-06	1.000001000001	0	6	8	2
YAL038W	P00549	CDC19	54.54404	2	1.45968262817711	2	0	8.88752972071166e-07	8.88720996941764e-07	1.000001000001	0	6	10	2
YGR254W	P00924	ENO1	46.81564	1	1.45968262817711	2	0	0.00175138311122078	8.96447908359066e-07	1.000001000001	0	5	11	2
YJL052W	P00360	TDH1	35.74956	1	1.14283809023841	2	0	0.0023077197166335	1.53839620474976e-05	1.000001000001	0	8	12	2
YAL044C	P39726	GCV3	18.79276	0	0	0	0	9.07296163991428e-12	0	1.000001000001	0	18	16	2
YBR115C	P07702	LYS2	155.34394	0	0	0	0	4.55471370777993e-12	0	1.000001000001	0	8	17	2
YDR019C	P48015	GCV1	44.46849	0	0	0	0	9.07296163991428e-12	0	1.000001000001	0	18	16	2
YDR148C	P19262	KGD2	50.43011	0	0	0	0	2.41739384317977e-10	0	1.000001000001	0	11	18	2
YGL125W	P53128	MET13	68.55958	0	0	0	0	3.47815685165284e-12	0	1.000001000001	0	6	19	2
YGL154C	P50113	LYS5	30.68281	0	0	0	0	4.55471372625506e-12	0	1.000001000001	0	8	17	2
YGL184C	P53101	STR3	51.82796	0	0	0	0	4.07593971212671e-09	0	1.000001000001	0	6	20	2
YIL125W	P20967	KGD1	114.41496	0	0	0	0	2.41739384317977e-10	0	1.000001000001	0	11	18	2
YMR189W	P49095	GCV2	114.45033	0	0	0	0	9.07296163991428e-12	0	1.000001000001	0	18	16	2
YNL037C	P28834	IDH1	39.32357	0	0	0	0	3.70910912058933e-10	0	1.000001000001	0	5	21	2
YOR136W	P28241	IDH2	39.73903	0	0	0	0	3.70910912058933e-10	0	1.000001000001	0	5	21	2
YPL023C	P46151	MET12	73.94088	0	0	0	0	3.4781568496433e-12	0	1.000001000001	0	6	19	2
YFR055W	P43623	IRC7	36.97108	0	0	0	0	4.0759396968764e-09	0	1.000001000001	0	6	20	2
YHR046C	P38710	INM1	32.82276	0	0.148431786579804	0	0	1.02274837677668e-07	0	1.000001000001	0	5	14	3
YER070W	P21524	RNR1	99.56021	0	0.0220443298142384	0	0	1.26894403771341e-07	0	1.000001000001	0	24	15	3
YIL066C	P21672	RNR3	97.51369	0	0.0220443298142384	0	0	1.26894403774248e-07	0	1.000001000001	0	24	15	3
YJL026W	P09938	RNR2	46.14681	0	0.0220443298142384	0	0	1.26894403774313e-07	0	1.000001000001	0	24	15	3
