genes	enzymes	shortNames	MWs	actions	k_scores	OE	minUsage	maxUsage	pUsage	foldChange	unique	conectivity	groups	priority
YBL098W	P38169	BNA4	52.42905	OE	1000	2	4.76661469618862e-08	4.7666197634891e-08	4.76661469618904e-08	1.00001366412811	1	7	0	1
YDR428C	Q04066	BNA7	29.99102	OE	1000	2	6.01010211770115e-10	6.02596246064306e-10	6.01010211769991e-10	1.00000109152976	1	5	0	1
YFR047C	P43619	BNA6	32.36461	OE	1000	2	1.61270881901804e-08	1.61271053326926e-08	1.61270881901822e-08	1.0000036450845	1	12	0	1
YGR155W	P32582	CYS4	56.02121	OE	1000	2	3.05607014539066e-08	3.14405672151014e-08	3.07447160076225e-08	1.00000972796031	1	4	0	1
YHR074W	P38795	QNS1	80.68505	OE	1000	2	1.51191517097674e-08	1.63423288649202e-08	1.5119151709766e-08	1.0000071818388	1	18	0	1
YJR025C	P47096	BNA1	20.23471	OE	1000	2	3.87049698550322e-09	3.87050055127186e-09	3.8704969855028e-09	1.00000139705783	1	4	0	1
YJR078W	P47125	BNA2	50.77489	OE	1000	2	8.06352667783804e-09	8.08480373283775e-09	8.06352667783724e-09	1.00000307489362	1	3	0	1
YLR231C	Q05979	BNA5	51.03155	OE	1000	2	2.76464418738162e-08	2.87564008825281e-08	2.76464418738134e-08	1.00000814947152	1	7	0	1
YNL241C	P11412	ZWF1	57.5209	OE	1000	2	2.07112519901669e-09	2.43775833658547e-09	2.22869138626837e-09	1.00000164980633	1	5	0	1
D12D	Q9Y8H5	D12D	46.001	OE	1000	2	0.000348345077040364	0.000348345492427018	0.000348345077040364	1.08837751280705	1	7	0	1
FAD3	D5KSD6	FAD3	47.718	OE	1000	2	0.000348345077040364	0.000348345077040365	0.000348345077040364	1.09197959793583	1	7	0	1
D6D	A0A1Y5I9G7	D6D	51.674	OE	1000	2	0.000348345077040364	0.000348345492427018	0.000348345077040364	1.10037031867747	1	9	0	1
D6E	D5KSD4	D6E	36.746	OE	1000	2	0.000348345077040364	0.000348345492427018	0.000348345077040364	1.06936362257925	1	11	0	1
D5D	HQ678517	D5D	59.89	OE	1000	2	0.000348345077040364	0.000348345492427018	0.000348345077040364	1.11821522580315	1	9	0	1
YDR380W	Q06408	ARO10	71.38357	OE	92.4717113348084	2	7.26363668758498e-09	7.95701721004614e-09	7.95594994490425e-09	1.0000038780591	1	4	0	1
YOR283W	Q12040	YOR283W	26.17622	OE	3.49854214894109	2	6.23872071101641e-07	6.34821042707632e-07	6.31050314639285e-07	1.00008470509686	1	4	0	1
YCR012W	P00560	PGK1	44.73787	OE	1.25345495534767	2	9.79355655988176e-07	9.8162342377598e-07	9.7943780687923e-07	1.0002230409676	1	4	0	1
YDR050C	P00942	TPI1	26.79508	OE	1.25021253253047	2	3.03138908078486e-08	3.40026142637189e-08	3.0318980608911e-08	1.0000051169018	1	2	0	1
YMR205C	P16862	PFK2	104.61673	OE	1.23892819247528	2	7.3357593102758e-07	7.36858165372637e-07	7.36768367148734e-07	1.00039158330038	1	9	0	1
YDR516C	Q04409	EMI2	55.92028	OE	1.00082574948966	2	1.85764954563518e-07	1.86184737758081e-07	1.86178e-07	1.0000537569619	1	4	0	1
YDR226W	P07170	ADK1	24.2546	deletion	0.123382898288946	0	0	6.44532482195867e-08	0	1.00001684364654	1	4	0	1
YJR130C	P47164	STR2	72.34965	deletion	0.0131263900393576	0	0	2.24710349772418e-09	0	1.00000264799595	1	11	0	1
YPR035W	P32288	GLN1	41.7656	deletion	0.0109248637886177	0	0	6.52062620610943e-10	0	1.00000126672552	1	7	0	1
YKL085W	P17505	MDH1	35.64959	deletion	5.52667383575138e-07	0	0	2.74280525299821e-09	0	1.00000199104672	1	5	0	1
YBR263W	P37292	SHM1	53.68589	deletion	0	0	0	2.84159222495274e-09	0	1.00000254640844	1	5	0	1
YCL040W	P17709	GLK1	55.37689	deletion	0	0	0	2.16771390720569e-09	0	1.00000221656091	1	6	0	1
YDR234W	P49367	LYS4	75.14989	deletion	0	0	0	1.31358022431026e-09	0	1.00000200045078	1	6	0	1
YDR300C	P32264	PRO1	47.16164	deletion	0	0	0	5.52711991642123e-10	0	1.00000126431597	1	4	0	1
YDR353W	P29509	TRR1	34.23767	deletion	0	0	0	1.10587925828187e-09	0	1.0000013840543	1	6	0	1
YER023W	P32263	PRO3	30.13145	deletion	0	0	0	9.17177099783352e-12	0	1.00000098310922	1	6	0	1
YER091C	P05694	MET6	85.85892	deletion	0	0	0	1.11929478967664e-09	0	1.00000197428543	1	7	0	1
YER152C	P10356	YER152C	49.48976	deletion	0	0	0	1.97575884534949e-09	0	1.00000199118227	1	6	0	1
YGL009C	P07264	LEU1	85.79356	deletion	0	0	0	1.15047430228399e-09	0	1.00000200057711	1	4	0	1
YJL088W	P05150	ARG3	37.84479	deletion	0	0	0	1.66900098178145e-11	0	1.00000100672876	1	5	0	1
YJR139C	P31116	HOM6	38.50163	deletion	0	0	0	4.4681891992149e-10	0	1.00000115465803	1	7	0	1
YLR043C	P22217	TRX1	11.23485	deletion	0	0	0	1.06876212807901e-09	0	1.00000112190533	1	23	0	1
YLR174W	P41939	IDP2	46.56172	deletion	0	0	0	2.10000730560194e-09	0	1.00000199129661	1	5	0	1
YLR304C	P19414	ACO1	85.36736	deletion	0	0	0	1.145270315869e-09	0	1.0000019911826	1	8	0	1
YLR355C	P06168	ILV5	44.36792	deletion	0	0	0	1.95472418202211e-09	0	1.00000187902968	1	7	0	1
YMR062C	Q04728	ARG7	47.84821	deletion	0	0	0	2.06264138239827e-09	0	1.00000200036682	1	9	0	1
YMR246W	P47912	FAA4	77.26612	deletion	0	0	0	1.34586428007604e-09	0	1.00000205423057	1	48	0	1
YNL104C	P06208	LEU4	68.40819	deletion	0	0	0	7.51335265301286e-10	0	1.00000152122482	1	13	0	1
YNR001C	P00890	CIT1	53.35945	deletion	0	0	0	1.63137133709556e-10	0	1.0000010884717	1	7	0	1
YOL064C	P32179	MET22	39.14886	deletion	0	0	0	3.43569852762261e-10	0	1.00000113639347	1	4	0	1
YOR184W	P33330	SER1	43.41501	deletion	0	0	0	2.12501595433935e-09	0	1.00000193532918	1	4	0	1
YOR317W	P30624	FAA1	77.86529	deletion	0	0	0	1.33485503636566e-09	0	1.00000205371536	1	52	0	1
YOR388C	Q08911	FDH1	41.7138	deletion	0	0	0	1.74201994822337e-09	0	1.0000017366642	1	4	0	1
YPR001W	P43635	CIT3	53.81073	deletion	0	0	0	1.61474008031373e-10	0	1.00000108831083	1	9	0	1
YPR167C	P18408	MET16	30.3799	deletion	0	0	0	1.06920782742675e-09	0	1.00000132927743	1	7	0	1
YLR446W	Q06204	YLR446W	48.96875	deletion	0	0	0	1.99933941994347e-09	0	1.00000199256547	1	20	0	1
YJL200C	P39533	ACO2	86.58224	deletion	0	0	0	1.12924241394698e-09	0	1.00000199121944	1	7	0	1
YEL041W	P32622	YEF1	55.87302	OE	1000	2	5.68263008772825e-09	7.6715291543066e-09	6.01010211770068e-09	1.00000270182222	0	18	2	2
YHR163W	P38858	SOL3	27.78417	OE	1000	2	0	1.54258881520316e-07	1.41031750954483e-07	1.00007761632102	0	5	3	2
YHR183W	P38720	GND1	53.54274	OE	1000	2	0	4.23787928596453e-08	3.87449675564266e-08	1.00001151246369	0	6	4	2
YOL086C	P00330	ADH1	36.84874	OE	1000	2	4.80118020410439e-07	4.88677959236069e-07	4.87575116932534e-07	1.00009215690459	0	21	1	2
YAL038W	P00549	CDC19	54.54404	OE	3.49854214894109	2	2.11410400386362e-06	2.26604990715866e-06	2.2657989028117e-06	1.00062725128213	0	6	5	2
YGR254W	P00924	ENO1	46.81564	OE	3.49854214894109	2	2.08670079832927e-06	2.28758732263317e-06	2.2854987045174e-06	1.00054319049855	0	5	6	2
YJL052W	P00360	TDH1	35.74956	OE	1.25345495534767	2	1.81226285331651e-05	1.8129088507638e-05	1.81263533746517e-05	1.00328468095448	0	8	7	2
YLL052C		AQY2	NaN	deletion	0.101607159818957	0	NaN	NaN	NaN	1.00000100019131	0	2	9	2
YMR189W	P49095	GCV2	114.45033	deletion	0.0549	0	0	1.14497226090211e-10	0	1.00000113183522	0	18	10	2
YOR222W		ODC2	NaN	deletion	0.0481080898851273	0	NaN	NaN	NaN	1.00000100019131	0	6	12	2
YER053C		PIC2	NaN	deletion	0.0221736383378701	0	NaN	NaN	NaN	1.00000100019131	0	4	13	2
YGR243W		MPC3	NaN	deletion	0.0038603922844752	0	NaN	NaN	NaN	1.00000100019131	0	4	14	2
YAL062W	P39708	GDH3	49.62653	deletion	0	0	0	1.66707296422635e-09	0	1.00000183856738	0	8	15	2
YBR218C	P32327	PYC2	130.16549	deletion	0	0	0	2.47806343788169e-10	0	1.00000132723017	0	8	17	2
YDR384C		ATO3	NaN	deletion	0	0	NaN	NaN	NaN	1.00000100019131	0	2	18	2
YER070W	P21524	RNR1	99.56021	deletion	0	0	0	9.96292297172117e-10	0	1.00000200517361	0	24	19	2
YFR053C	P04806	HXK1	53.73784	deletion	0	0	0	2.27069753478682e-09	0	1.00000223687292	0	12	21	2
YGL062W	P11154	PYC1	130.09827	deletion	0	0	0	2.47848438515751e-10	0	1.00000132711686	0	8	17	2
YGL184C	P53101	STR3	51.82796	deletion	0	0	0	1.63626970022169e-09	0	1.00000185968156	0	6	23	2
YGL253W	P04807	HXK2	53.9419	deletion	0	0	0	1.98767186421489e-09	0	1.00000208684323	0	12	21	2
YGR121C		MEP1	NaN	deletion	0	0	NaN	NaN	NaN	1.00000100019131	0	2	18	2
YGR180C	P49723	RNR4	40.05407	deletion	0	0	0	2.55547756014779e-09	0	1.00000203747309	0	24	19	2
YIL066C	P21672	RNR3	97.51369	deletion	0	0	0	1.01751243990353e-09	0	1.00000200548092	0	24	19	2
YJL026W	P09938	RNR2	46.14681	deletion	0	0	0	2.18664224131854e-09	0	1.00000202277056	0	24	19	2
YLR155C	P0CZ17	ASP3-1	38.6862	deletion	0	0	0	2.08247343577576e-09	0	1.00000181669491	0	5	24	2
YLR157C	P0CX77	ASP3-2	38.6862	deletion	0	0	0	2.08247343577576e-09	0	1.00000181669491	0	5	24	2
YLR158C	P0CX78	ASP3-3	38.6862	deletion	0	0	0	2.08247343577576e-09	0	1.00000181669491	0	5	24	2
YLR160C	P0CX79	ASP3-4	38.6862	deletion	0	0	0	2.08247343577576e-09	0	1.00000181669491	0	5	24	2
YNL142W		MEP2	NaN	deletion	0	0	NaN	NaN	NaN	1.00000100019131	0	2	18	2
YOR375C	P07262	GDH1	49.56931	deletion	0	0	0	1.66868506849685e-09	0	1.00000183851067	0	8	15	2
YFR055W	P43623	IRC7	36.97108	deletion	0	0	0	2.17038632425296e-09	0	1.00000181343704	0	6	23	2
YMR145C	P40215	NDE1	62.77345	deletion	0.0497309255857963	0	0	8.85487849818123e-08	0	1.00005733411471	0	6	11	3
