genes	enzymes	shortNames	MWs	actions	k_scores	OE	minUsage	maxUsage	pUsage
YBR252W	P33317	DUT1	15.30716	1	1000	2	0	6.5192013227506e-10	0
YEL063C		CAN1	NaN	1	1000	2	0	0	0
YKR039W		GAP1	NaN	1	1000	2	0	0	0
YJR069C	P47119	HAM1	22.09268	1	1000	2	0	0.0019799066923286	1.29929324531739e-11
YKL029C	P36013	MAE1	74.37529	2	47.3985703858137	2	1.51606228264858e-06	1.51645148878374e-06	1.51629580633021e-06
YER069W	Q01217	ARG5,6	94.86823	2	47.1954171895305	2	5.27661700974294e-05	5.27743503767905e-05	5.27742979206085e-05
YOL140W	P18544	ARG8	46.68082	2	47.1954171895305	2	0.000131064145659507	0.000131084464384963	0.000131084334090785
ORT1	Q12375	ORT1	31.52	2	47.1954171895305	2	0.00111866716974131	0.00111884059544106	0.00111883948334578
YMR062C	Q04728	ARG7	47.84821	1	47.1954171895305	2	1.15792306935167e-05	0.000925752998319005	1.15810142972585e-05
YLR174W	P41939	IDP2	46.56172	1	28.8129513427901	2	3.49825309541462e-06	0.000942929337938548	3.49878983928277e-06
YPR021C		AGC1	NaN	1	26.0339297116398	2	0	0	0
YOL126C	P22133	MDH2	40.7305	1	18.2660169220162	2	4.78720721029858e-08	0.00107397241265367	4.78757234613449e-08
YBR117C	P33315	TKL2	75.02862	1	14.5698796651928	2	0	0.000584123677792557	0
YPR074C	P23254	TKL1	73.80488	1	13.0521920044158	2	0	0.00059380856530211	1.14488155694421e-06
YKL085W	P17505	MDH1	35.64959	1	7.57310494811085	2	1.10144343636253e-06	0.00122808534770784	1.1014846106436e-06
YNR001C	P00890	CIT1	53.35945	2	7.57310494811085	2	0	1.48427614596381e-06	1.48423186434207e-06
YPR001W	P43635	CIT3	53.81073	1	7.57310494811085	2	0	1.48427614596381e-06	0
YGL062W	P11154	PYC1	130.09827	2	7.37579604184893	2	0	6.99897857656187e-06	6.99863088597297e-06
YBR218C	P32327	PYC2	130.16549	1	7.37579604184867	2	0	6.99897857656182e-06	0
YJL121C	P46969	RPE1	25.96689	1	6.98144136130796	2	6.95936518917587e-07	0.00168520528403212	6.96007766194239e-07
YNL036W	P53615	NCE103	24.85889	1	4.87092149084399	2	0	0.00175959049977504	4.55759791669276e-10
YGR248W	P53315	SOL4	28.44737	1	4.13197033144407	2	0	1.21497241480351e-05	0
YGR256W	P53319	GND2	53.92235	1	4.13197033144407	2	0	3.3378346702077e-06	0
YHR163W	P38858	SOL3	27.78417	2	4.13197033144407	2	0	1.21497241480507e-05	1.21478082111723e-05
YHR183W	P38720	GND1	53.54274	2	4.13197033144407	2	0	3.33783467020559e-06	3.33730831417861e-06
YNL241C	P11412	ZWF1	57.5209	2	4.13197033144407	2	1.91949769938264e-07	1.9199921557411e-07	1.91968938476965e-07
YBR221C	P32473	PDB1	40.0532	2	3.77310733217076	2	3.11685403088027e-06	3.11701286721771e-06	3.11692333319123e-06
YER178W	P16387	PDA1	46.34261	2	3.77310733217076	2	3.11685403088027e-06	3.11701286721771e-06	3.11692333319123e-06
YGR193C	P16451	PDX1	45.36125	2	3.77310733217076	2	3.11685403088027e-06	3.11701286721771e-06	3.11692333319123e-06
YNL071W	P12695	LAT1	51.81762	2	3.77310733217076	2	3.11685403088027e-06	3.11701286721771e-06	3.11692333319123e-06
YDR384C		ATO3	NaN	1	2.92540835080436	2	0	0	0
YGR121C		MEP1	NaN	1	2.92540835080436	2	0	0	0
YNL142W		MEP2	NaN	1	2.92540835080436	2	0	0	0
YPR138C		MEP3	NaN	1	2.92540835080436	2	0	0	0
YAL038W	P00549	CDC19	54.54404	2	2.38926680961517	2	0	1.96313682179073e-06	1.96310984575424e-06
YOR347C	P52489	PYK2	55.19478	1	2.38926680961517	2	0	1.96313681596283e-06	0
YOR095C	Q12189	RKI1	28.25777	1	2.32772229212106	2	4.42343238034311e-06	0.00155236758227708	4.42385365823331e-06
YGR254W	P00924	ENO1	46.81564	1	2.22704641502942	2	0	0.000936333343789061	1.99769657168886e-06
YHR174W	P00925	ENO2	46.91368	1	2.22704641502942	2	0	0.000934375389805356	0
YKL152C	P00950	GPM1	27.60828	1	2.22704641502942	2	0	0.00158488289130361	0
YMR323W	P42222	ERR3	47.31216	1	2.22704641502942	2	0	0.00092650535643475	0
YOR393W	P0CX10	ERR1	47.32712	1	2.22704641502942	2	0	0.000926213664575099	0
YPL281C	P0CX11	ERR2	47.32712	1	2.22704641502942	2	0	0.000926213664575099	0
YOR283W	Q12040	YOR283W	26.17622	1	2.22704641502942	2	0	0.00167159183985158	5.51585108154445e-07
YFR053C	P04806	HXK1	53.73784	1	1.70746816446063	2	0	9.51089245847204e-07	1.11679569250621e-09
YCL040W	P17709	GLK1	55.37689	1	1.70746816446056	2	0	9.51089256279022e-07	0
YGL253W	P04807	HXK2	53.9419	1	1.70746816446056	2	0	2.05681412951231e-06	0
YLR446W	Q06204	YLR446W	48.96875	1	1.70746816446056	2	0	0.00015604659777067	0
YML120C	P32340	NDI1	57.24915	1	1.63612021036102	2	0	4.55084080619035e-05	8.96842443793687e-07
YOR375C	P07262	GDH1	49.56931	2	1.41274159212205	2	0	4.30362042906499e-06	4.30354858740126e-06
YAL062W	P39708	GDH3	49.62653	1	1.41274159212205	2	0	8.60724271798289e-06	0
YCR012W	P00560	PGK1	44.73787	1	1.19386181444945	2	8.98503505403287e-07	0.000978626211157345	8.98514375204079e-07
YGR192C	P00359	TDH3	35.74626	1	1.19386181444945	2	0	0.00124029488783474	0
YJL052W	P00360	TDH1	35.74956	1	1.19386181444945	2	0	0.00124018041386328	1.66287118618056e-05
YJR009C	P00358	TDH2	35.84645	1	1.19386181444945	2	0	0.00123683140172139	0
YDR050C	P00942	TPI1	26.79508	1	1.11259382922223	2	2.55771916095535e-08	0.00163246896963302	2.55778985138362e-08
YGR240C	P16861	PFK1	107.96906	1	1.1054810892518	2	0	3.45734048829475e-07	0
YKL060C	P14540	FBA1	39.62024	1	1.1054810892518	2	0	0.00110628128850477	0
YMR205C	P16862	PFK2	104.61673	2	1.1054810892518	2	3.45717801594519e-07	6.21739732085159e-07	6.21727411070478e-07
YER141W	P40086	COX15	54.65792	0	0.145891666666667	0	0	2.3847993981e-13	2.3847993981e-13
YBL039C	P28274	URA7	64.70953	0	0.145598671005992	0	0	2.16372793684994e-08	0
YJR103W	P38627	URA8	64.50989	0	0.145598671005992	0	0	2.16372793680677e-08	2.10715665327604e-08
YBR029C	P38221	CDS1	51.82218	0	0.143717028560415	0	3.81514553510185e-08	0.000844106608403381	3.81531039063518e-08
YGL080W		MPC1	NaN	0	0.138146081350273	0	0	0	0
YGR243W		MPC3	NaN	0	0.138146081350273	0	0	0	0
YHR162W		MPC2	NaN	0	0.138146081350273	0	0	0	0
YOR175C	Q08548	ALE1	72.22714	0	0.136614135088003	0	8.02986246089998e-09	1.15354904419037e-08	1.15008094671768e-08
YER070W	P21524	RNR1	99.56021	0	0.132074961806883	0	0	2.52974476313891e-07	0
YIL066C	P21672	RNR3	97.51369	0	0.132074961806883	0	0	2.52974476317246e-07	0
YJL026W	P09938	RNR2	46.14681	0	0.132074961806883	0	0	2.52974476323405e-07	0
YGR180C	P49723	RNR4	40.05407	0	0.129305854758394	0	0	2.52974476317067e-07	1.61141115146454e-07
YDL052C	P33333	SLC1	33.88654	0	0.122580933137664	0	0	1.56314434565208e-06	0
YDL022W	Q00055	GPD1	42.8683	0	0.118159663275333	0	0	6.20863326954692e-05	3.43497680446498e-09
YCR048W	P25628	ARE1	71.61215	0	0.114117491961782	0	0	0.00061081051352328	1.02030632497861e-11
YDR503C	Q04396	LPP1	31.58604	0	0.107871341777094	0	0	5.36009237598959e-10	4.9474106999704e-10
YNR019W	P53629	ARE2	74.022	0	0.107676212070215	0	0	0.000590925450989069	0
YDR148C	P19262	KGD2	50.43011	0	0.0907375	0	0	6.47542083146145e-07	3.513718294128e-12
YIL125W	P20967	KGD1	114.41496	0	0.0907375	0	0	6.47542083146145e-07	3.513718294128e-12
YDL066W	P21954	IDP1	48.18986	0	0.0907374999999999	0	2.0435797832564e-07	2.0622060541114e-07	2.05103029159025e-07
YOR245C	Q08650	DGA1	47.71075	0	0.085264318105322	0	0	5.45219095040701e-08	0
YMR189W	P49095	GCV2	114.45033	0	0.0557571769531094	0	1.09394060389116e-08	5.86849494211607e-08	1.09433515772252e-08
YAL044C	P39726	GCV3	18.79276	0	0.0557571769531079	0	1.09394060389116e-08	5.86849494211607e-08	1.09433515772252e-08
YDR019C	P48015	GCV1	44.46849	0	0.0557571769531079	0	1.09394060389116e-08	5.86849494211607e-08	1.09433515772252e-08
YDL085W	Q07500	NDE2	61.65854	0	0.041896336502447	0	0	3.95375437344045e-05	2.64774750911271e-07
YMR145C	P40215	NDE1	62.77345	0	0.041896336502447	0	0	3.94987835840659e-05	0
YER081W	P40054	SER3	51.1927	0	0.0334879498361739	0	0	7.32074878116922e-08	0
YGR208W	P42941	SER2	34.20684	0	0.0334879498361739	0	2.83047535823988e-08	2.83178479701553e-08	2.83120095880649e-08
YIL074C	P40510	SER33	51.18777	0	0.0334879498361739	0	0	7.32074878116495e-08	7.31923977939752e-08
YOR184W	P33330	SER1	43.41501	0	0.0334879498361739	0	9.13933167020077e-06	9.14355972158238e-06	9.14167456436637e-06
YLR058C	P37291	SHM2	52.21793	0	0.0247777479543328	0	2.58436923142016e-06	0.000840257436712153	2.58522228243006e-06
YOR388C	Q08911	FDH1	41.7138	0	0.0210033789296348	0	1.1651451905071e-06	1.16582024039109e-06	1.16555795737602e-06
YBR263W	P37292	SHM1	53.68589	0	0.0207767839979439	0	1.1381500147213e-06	0.000815905244195774	1.1385549450457e-06
