genes	enzymes	shortNames	MWs	actions	k_scores	OE	minUsage	maxUsage	pUsage	foldChange	unique	conectivity	groups	priority
YDR300C	P32264	PRO1	47.16164	OE	1000	2	1.08878091746428e-07	1.09166936997852e-07	1.0902612724658e-07	1.00002812715367	1	4	0	1
YLR017W	Q07938	MEU1	37.85618	OE	1000	2	8.46043131382873e-06	8.461651243128e-06	8.46043131382873e-06	1.00169298218925	1	8	0	1
YLR209C	Q05788	PNP1	33.7546	OE	1000	2	1.7313196513718e-08	2.01566075563115e-08	1.73205312553077e-08	1.00000409310706	1	13	0	1
YNL141W	P53909	AAH1	39.63458	OE	1000	2	3.99777082529321e-07	4.00494035545888e-07	3.99946582253553e-07	1.00008461668525	1	9	0	1
YOR323C	P54885	PRO2	49.73991	OE	1000	2	1.41138333944352e-08	1.41512763151835e-08	1.41330231905917e-08	1.00000471713816	1	6	0	1
YJR024C	P47095	MDE1	27.42662	OE	1000	2	1.33315263453366e-07	1.33319524676258e-07	1.33315263453366e-07	1.00002029341564	1	3	0	1
YPR118W	Q06489	MRI1	45.01983	OE	1000	2	1.31718806244444e-10	2.25644927921171e-09	1.31718806244444e-10	1.00000006305178	1	2	0	1
NAS2	Q9FKT9	NAS2	35.679	OE	1000	2	0.00263964485602149	0.0026396448560215	0.00263964485602149	1.9868576176186	1	4	0	1
YOR283W	Q12040	YOR283W	26.17622	OE	2.25466448061968	2	6.08323073117754e-07	6.18936783734392e-07	6.14130905209964e-07	1.00008594889774	1	4	0	1
YMR205C	P16862	PFK2	104.61673	OE	1.20408102722101	2	7.23109667816534e-07	7.26531038410787e-07	7.23522241682114e-07	1.0004016805487	1	9	0	1
YOL059W	P41911	GPD2	49.42115	deletion	0.151988899328549	0	0	3.53262488785494e-09	0	1.00000284790812	1	11	0	1
YBL011W	P32784	SCT1	85.69341	deletion	0.151907639944882	0	0	4.67235449705061e-08	0	1.00004324101001	1	13	0	1
YLR438W	P07991	CAR2	46.08557	deletion	0	0	0	4.21748879835641e-12	0	1.00000100125286	1	4	0	1
YMR246W	P47912	FAA4	77.26612	deletion	0	0	0	1.3013057490956e-09	0	1.00000206695886	1	48	0	1
YOR317W	P30624	FAA1	77.86529	deletion	0	0	0	1.2906609909077e-09	0	1.00000205670037	1	52	0	1
YOR388C	Q08911	FDH1	41.7138	deletion	0	0	0	1.6877106571046e-09	0	1.00000175231014	1	4	0	1
YMR009W	Q03677	ADI1	20.8791	OE	1000	2	1.86415679199522e-07	1.86421637697747e-07	1.86415679199522e-07	1.00002153708212	0	6	2	2
YOL086C	P00330	ADH1	36.84874	OE	1000	2	4.25672466838113e-07	4.33849905822167e-07	4.31590904837246e-07	1.00008525258158	0	21	1	2
YLR044C	P06169	PDC1	61.49468	OE	15.8854140399597	2	3.04860174097991e-06	3.10665848173567e-06	3.0489519954315e-06	1.00101535442275	0	17	3	2
YAL038W	P00549	CDC19	54.54404	OE	2.41904492140715	2	2.0446788061455e-06	2.19230227427722e-06	2.1876817935947e-06	1.00063149641614	0	6	4	2
YGR254W	P00924	ENO1	46.81564	OE	2.25466448061968	2	2.035569144668e-06	2.23040650916156e-06	2.22422104180992e-06	1.00055119277766	0	5	5	2
YLR354C	P15019	TAL1	37.0359	OE	1.23586084578757	2	3.41759931967093e-06	3.44638917923835e-06	3.41777317516901e-06	1.00067355751364	0	6	6	2
YGL080W		MPC1	NaN	deletion	0.131518521524995	0	0	0	0	1.00000100894278	0	4	8	2
YGR243W		MPC3	NaN	deletion	0.131518521524995	0	0	0	0	1.000001009741	0	4	8	2
YHR162W		MPC2	NaN	deletion	0.131518521524995	0	0	0	0	1.000001009741	0	4	8	2
YLL052C		AQY2	NaN	deletion	0.122255431873043	0	0	0	0	1.000001009741	0	2	9	2
YOR222W		ODC2	NaN	deletion	0.117195430463824	0	0	0	0	1.000001009741	0	6	10	2
YER053C		PIC2	NaN	deletion	0.0161560089436681	0	0	0	0	1.000001009741	0	4	13	2
YER070W	P21524	RNR1	99.56021	deletion	0	0	0	9.652288089218e-10	0	1.00000201362112	0	24	16	2
YGR180C	P49723	RNR4	40.05407	deletion	0	0	0	2.47655322412318e-09	0	1.00000205523609	0	24	16	2
YIL066C	P21672	RNR3	97.51369	deletion	0	0	0	9.85787321382597e-10	0	1.00000201393097	0	24	16	2
YIL125W	P20967	KGD1	114.41496	deletion	0	0	0	4.13568387557618e-10	0	1.00000149830474	0	11	15	2
YJL026W	P09938	RNR2	46.14681	deletion	0	0	0	2.13912177633699e-09	0	1.00000205094622	0	24	16	2
YML022W	P49435	APT1	20.58658	deletion	0	0	0	3.32109377631982e-10	0	1.00000107933063	0	5	17	2
YDR441C	P36973	APT2	19.9857	deletion	0	0	0	3.3280330644104e-10	0	1.00000107737203	0	5	17	2
YBL039C	P28274	URA7	64.70953	deletion	0.133931198022575	0	0	1.92806510957898e-08	0	1.00001415979442	0	12	7	3
YAL062W	P39708	GDH3	49.62653	deletion	0.0578666282998501	0	0	7.79231310001689e-07	0	1.0004088840708	0	8	11	3
YMR145C	P40215	NDE1	62.77345	deletion	0.0359027000403134	0	0	8.58826447537084e-08	0	1.00005786441107	0	6	12	3
YER081W	P40054	SER3	51.1927	deletion	0.0146837500307836	0	0	1.54790062512025e-08	0	1.00000936789258	0	6	14	3
