genes	enzymes	shortNames	MWs	actions	k_scores	OE	minUsage	maxUsage	pUsage
YCL025C		AGP1	NaN	1	1000	2	0	0	0
YDR300C	P32264	PRO1	47.16164	2	1000	2	0	2.77419339951906e-09	2.58982286124988e-09
YDR508C		GNP1	NaN	1	1000	2	0	0	0
YKR039W		GAP1	NaN	1	1000	2	0	0	0
YOR323C	P54885	PRO2	49.73991	2	1000	2	0	3.59617832189852e-10	3.35717937359985e-10
YPL265W		DIP5	NaN	1	1000	2	0	0	0
YKL060C	P14540	FBA1	39.62024	1	667.021919819765	2	0	0.00187330276043063	8.7725423745752e-10
YGR240C	P16861	PFK1	107.96906	1	500.532879729647	2	0	3.43436142121296e-07	0
YMR205C	P16862	PFK2	104.61673	2	400.639481485489	2	3.43419555987253e-07	6.17607365296401e-07	6.17578093589425e-07
YGR124W	P49090	ASN2	64.59268	1	113.320559367985	2	0	0.000181192894131119	0
YPR145W	P49089	ASN1	64.46973	2	113.320559367985	2	0	0.00018119289413112	0.000181191954574375
YBR117C	P33315	TKL2	75.02862	1	45.2632608979171	2	0	0.000989224847196027	0
YPR074C	P23254	TKL1	73.80488	1	38.2277593451979	2	0	0.00100562639309827	1.18781792114556e-06
YBR296C		PHO89	NaN	1	25.8561590205447	2	0	0	0
YCR037C		PHO87	NaN	1	25.8561590205447	2	0	0	0
YJL198W		PHO90	NaN	1	25.8561590205447	2	0	0	0
YML123C		PHO84	NaN	1	25.8561590205447	2	0	0	0
YNR013C		PHO91	NaN	1	25.8561590205447	2	0	0	0
YPR035W	P32288	GLN1	41.7656	2	15.693230027649	2	5.93731687179413e-06	5.93746841304787e-06	5.93731687179414e-06
YJL121C	P46969	RPE1	25.96689	1	10.085753134321	2	7.2193218735953e-07	0.00285560619405568	7.22110067130979e-07
YLR027C	P23542	AAT2	46.05711	1	9.27054748228756	2	0	0.00161012990663258	5.5204356456407e-07
YGR248W	P53315	SOL4	28.44737	1	5.45996615412777	2	0	1.25923662647204e-05	0
YGR256W	P53319	GND2	53.92235	1	5.45996615412777	2	0	3.45943958778102e-06	0
YNL241C	P11412	ZWF1	57.5209	2	5.45996615412777	2	1.98943702434875e-07	1.98994177552517e-07	1.98991564284765e-07
YHR163W	P38858	SOL3	27.78417	2	5.45996615412777	2	0	1.25923662647408e-05	1.25922004765502e-05
YHR183W	P38720	GND1	53.54274	2	5.45996615412777	2	0	3.45943958778031e-06	3.45939404159721e-06
YBR218C	P32327	PYC2	130.16549	1	5.23529153427583	2	0	5.40887503123829e-06	0
YGL062W	P11154	PYC1	130.09827	2	5.23529153427583	2	0	5.40887503124337e-06	5.40802305750754e-06
YDR384C		ATO3	NaN	1	4.37436543645722	2	0	0	0
YGR121C		MEP1	NaN	1	4.37436543645722	2	0	0	0
YNL142W		MEP2	NaN	1	4.37436543645722	2	0	0	0
YPR138C		MEP3	NaN	1	4.37436543645722	2	0	0	0
YNL036W	P53615	NCE103	24.85889	1	3.55860293553221	2	0	0.00298213080100602	3.54231734745902e-10
YOR095C	Q12189	RKI1	28.25777	1	2.90860597363745	2	4.57710485162577e-06	0.00262801273102641	4.57815648371699e-06
YDR226W	P07170	ADK1	24.2546	1	2.15675513755266	2	0	7.02069532972327e-06	0
YOR347C	P52489	PYK2	55.19478	1	1.85528766499189	2	0	1.54648980018372e-06	0
YAL038W	P00549	CDC19	54.54404	2	1.85528766499189	2	0	1.54648980601184e-06	1.54646226728545e-06
YGR254W	P00924	ENO1	46.81564	1	1.73179376918012	2	0	0.00158507712717142	1.57742648520895e-06
YHR174W	P00925	ENO2	46.91368	1	1.73179376918012	2	0	0.00158176261442737	0
YKL152C	P00950	GPM1	27.60828	1	1.73179376918012	2	0	0.00268556522531351	0
YMR323W	P42222	ERR3	47.31216	1	1.73179376918012	2	0	0.00156843978433579	0
YOR393W	P0CX10	ERR1	47.32712	1	1.73179376918012	2	0	0.00156794599213707	0
YPL281C	P0CX11	ERR2	47.32712	1	1.73179376918012	2	0	0.00156794599213707	0
YOR283W	Q12040	YOR283W	26.17622	1	1.73179376918012	2	0	0.00283249250884531	4.35544101531943e-07
YAL062W	P39708	GDH3	49.62653	1	1.46290862643561	2	0	8.57958111805856e-06	0
YOR375C	P07262	GDH1	49.56931	2	1.46290862643561	2	0	8.57958111805716e-06	8.57932279824125e-06
YMR267W	P28239	PPA2	35.57213	2	1.32800244022458	2	1.22302329879193e-06	1.22319531026041e-06	1.22307138980324e-06
YLL052C		AQY2	NaN	1	1.18657895722211	2	0	0	0
YPR192W		AQY1	NaN	1	1.18657895722211	2	0	0	0
YCR012W	P00560	PGK1	44.73787	1	1.17387261533286	2	8.95754349485516e-07	0.00165793572710406	8.9575434948543e-07
YGR192C	P00359	TDH3	35.74626	1	1.17387261533286	2	0	0.0020904298437232	0
YJL052W	P00360	TDH1	35.74956	1	1.17387261533286	2	0	0.00209023687880947	1.65776323535939e-05
YJR009C	P00358	TDH2	35.84645	1	1.17387261533286	2	0	0.00208459243274114	0
YDR050C	P00942	TPI1	26.79508	1	1.07267452098259	2	2.54068628822572e-08	0.00276666891710984	2.54068963291636e-08
YDR516C	Q04409	EMI2	55.92028	2	1.00066848427233	2	1.86169435698125e-07	1.86180854767294e-07	1.86178e-07
YKL067W	P36010	YNK1	17.16647	0	0.152236217181602	0	5.17268834134376e-08	0.00431849110133264	5.17269403611405e-08
YOR222W		ODC2	NaN	0	0.152070380214722	0	0	0	0
YPL134C		ODC1	NaN	0	0.152070380214722	0	0	0	0
YOL126C	P22133	MDH2	40.7305	0	0.151348015678815	0	8.87510425608488e-10	0.00182007401715913	8.87757319756375e-10
YPR021C		AGC1	NaN	0	0.149978038755639	0	0	0	0
YKL029C	P36013	MAE1	74.37529	0	0.14895587049307	0	1.82886741543016e-08	1.86859986887158e-08	1.83045176649586e-08
YER069W	Q01217	ARG5,6	94.86823	0	0.148952669905508	0	6.35957960820164e-07	6.45009626651691e-07	6.36509396318135e-07
YOL140W	P18544	ARG8	46.68082	0	0.148952669905508	0	1.57963495644744e-06	1.60211809009131e-06	1.58100464897532e-06
YOR130C		ORT1	NaN	0	0.148952669905508	0	0	0	0
YMR062C	Q04728	ARG7	47.84821	0	0.14895266816222	0	1.39557294481934e-07	0.00154946632796932	1.39678303824884e-07
YER141W	P40086	COX15	54.65792	0	0.145891666666667	0	0	2.3847993981e-13	2.3847993981e-13
YLR438W	P07991	CAR2	46.08557	0	0.145491488122572	0	1.25679620594572e-08	1.29259375648282e-08	1.25897702438765e-08
YBR029C	P38221	CDS1	51.82218	0	0.145307696660829	0	3.81514184612182e-08	0.00143055425216691	3.81531039063518e-08
YOR175C	Q08548	ALE1	72.22714	0	0.138977729585109	0	8.02831527574092e-09	1.15361573320449e-08	1.15008094671768e-08
YDL052C	P33333	SLC1	33.88654	0	0.12703696437248	0	0	1.56384057813306e-06	0
YCR048W	P25628	ARE1	71.61215	0	0.114117491927926	0	0	0.00103519360117058	1.02030632497861e-11
YDR503C	Q04396	LPP1	31.58604	0	0.107871341736709	0	0	5.36909506839262e-10	4.9474106999704e-10
YNR019W	P53629	ARE2	74.022	0	0.107676212030974	0	0	0.0010014926551309	0
YOR245C	Q08650	DGA1	47.71075	0	0.0852643180464611	0	0	5.45786676207639e-08	0
YCL040W	P17709	GLK1	55.37689	0	0	0	0	4.66349600428388e-11	0
YFR053C	P04806	HXK1	53.73784	0	0	0	0	4.6634960218422e-11	0
YGL253W	P04807	HXK2	53.9419	0	0	0	0	1.00852200871591e-10	0
YLR446W	Q06204	YLR446W	48.96875	0	0	0	0	7.65146575102533e-09	0
