genes	enzymes	shortNames	MWs	actions	k_scores	OE	minUsage	maxUsage	pUsage
YBR252W	P33317	DUT1	15.30716	1	1000	2	0	4.35486617705012e-09	0
YDL238C	Q07729	GUD1	55.20292	2	1000	2	3.01098081327852e-07	3.01098480133709e-07	3.01098081327852e-07
YDR300C	P32264	PRO1	47.16164	2	1000	2	1.08591845596264e-07	1.09346987869039e-07	1.0902612724658e-07
YER037W	P40025	PHM8	37.7185	1	1000	2	0	3.5596287442599e-12	0
YER065C	P28240	ICL1	62.40816	2	1000	2	2.32448853108341e-06	2.33811404095427e-06	2.32917542785608e-06
YER073W	P40047	ALD5	56.69214	2	1000	2	0	2.10078066423214e-07	2.09784355389639e-07
YFL030W	P43567	AGX1	41.90679	2	1000	2	2.34147084207841e-07	2.3559767471235e-07	2.34695099945977e-07
YKL106W	Q01802	AAT1	51.79484	2	1000	2	3.29073982723034e-07	3.31837546851012e-07	3.29320527304886e-07
YLR209C	Q05788	PNP1	33.7546	2	1000	2	3.31207959809177e-06	3.32095132544205e-06	3.31207959809177e-06
YMR170C	P47771	ALD2	55.18718	1	1000	2	0	5.8581516200348e-08	0
YMR278W	Q03262	PRM15	71.06819	1	1000	2	0	1.44590549935182e-08	0
YOR323C	P54885	PRO2	49.73991	2	1000	2	1.40752462807906e-08	1.41746151744598e-08	1.41330231905917e-08
YOR374W	P46367	ALD4	56.72295	1	1000	2	0	2.10087233943892e-07	0
YJR069C	P47119	HAM1	22.09268	1	1000	2	0	1.36777193897183e-08	8.15824385982e-11
YMR110C	Q04458	HFD1	59.97826	1	1000	2	0	1.0169166296181e-08	0
YDR452W	Q04119	PPN1	78.34335	1	1000	2	0	3.82300337802317e-09	8.27138155472884e-13
YHR216W	P38697	IMD2	56.52936	1	177.688985195264	2	0	2.20701965989181e-06	0
YLR432W	P50095	IMD3	56.58423	1	177.688985195264	2	0	1.57346974884022e-06	0
YML056C	P50094	IMD4	56.39328	2	177.688985195264	2	7.73480815805761e-05	7.95552601098189e-05	7.95551012352001e-05
YMR217W	P38625	GUA1	58.48154	2	177.688985195264	2	0.000455128479271977	0.000455130397947946	0.000455128479271977
YBR296C		PHO89	NaN	1	111.526930739259	2	0	0	0
YCR037C		PHO87	NaN	1	111.526930739259	2	0	0	0
YJL198W		PHO90	NaN	1	111.526930739259	2	0	0	0
YML123C		PHO84	NaN	1	111.526930739259	2	0	0	0
YNR013C		PHO91	NaN	1	111.526930739259	2	0	0	0
YAR015W	P27616	ADE1	34.60299	2	88.7370223907698	2	2.53163129445871e-06	2.53163759923416e-06	2.5316312944587e-06
YDR408C	P04161	ADE8	23.53994	2	88.7370223907698	2	2.61331821559694e-05	2.61332110590651e-05	2.61331821559693e-05
YMR300C	P04046	ADE4	56.71874	2	88.7370223907698	2	3.52432107256143e-06	3.52433030644533e-06	3.52432107256141e-06
YOR128C	P21264	ADE2	62.33875	2	88.7370223907698	2	4.89997341823582e-06	4.89998625639239e-06	4.89997341823581e-06
YGL234W	P07244	ADE5,7	86.06721	2	88.7370223907698	2	5.5999676048506e-05	5.59998195411824e-05	5.59996760485057e-05
YGR061C	P38972	ADE6	148.90358	2	88.7370223907698	2	3.86778434113235e-05	3.86779470910178e-05	3.86778434113233e-05
YJR051W	P21375	OSM1	55.06455	2	81.3225942818199	2	4.70706702729731e-08	5.31092581653174e-08	4.77889445576031e-08
YJR095W		SFC1	NaN	1	81.3160630358231	2	0	0	0
YMR120C	P38009	ADE17	65.26269	2	47.7363160909996	2	2.99716829088167e-05	4.57031461655318e-05	4.56986477738175e-05
YLR028C	P54113	ADE16	65.28175	1	47.7363160909996	2	0	1.57269648988203e-05	0
YBR117C	P33315	TKL2	75.02862	1	35.9551244345191	2	0	1.22304005091247e-07	0
YPR074C	P23254	TKL1	73.80488	2	30.3711846942682	2	0	1.24331829944656e-07	1.20135985823802e-07
YPR035W	P32288	GLN1	41.7656	2	27.7595469178586	2	1.12311980642777e-05	1.12315190211737e-05	1.12311980642777e-05
YBL068W	P38063	PRS4	35.71972	1	26.6169631073198	2	0	3.14539298659029e-07	0
YER099C	P38620	PRS2	34.76468	2	26.6169631073198	2	0.000298216751677749	0.000299056500465153	0.000299053945182244
YHL011C	P38689	PRS3	35.12352	1	26.6169631073198	2	0	8.37166596377834e-07	0
YKL181W	P32895	PRS1	47.04715	2	26.6169631073198	2	0.000299007426508988	0.000299056500465158	0.000299053945182244
YOL061W	Q12265	PRS5	53.50438	1	26.6169631073198	2	0	4.54619196540991e-08	0
YHR137W	P38840	ARO9	58.52706	2	15.3509453404015	2	2.84771610086702e-08	3.33352322899949e-08	2.85351983792856e-08
YKL085W	P17505	MDH1	35.64959	2	13.5623825593634	2	1.19451314931958e-06	1.20350459358421e-06	1.19530865911213e-06
YJL121C	P46969	RPE1	25.96689	2	8.03542573326449	2	7.17829275044831e-08	8.44728184340177e-08	7.3034261601393e-08
YPR001W	P43635	CIT3	53.81073	1	6.99738249951695	2	0	2.73137139833207e-07	0
YNR001C	P00890	CIT1	53.35945	2	6.99738249951695	2	0	2.73384163434928e-07	2.72866906329318e-07
YDR384C		ATO3	NaN	1	5.15248144970638	2	0	0	0
YGR121C		MEP1	NaN	1	5.15248144970638	2	0	0	0
YNL142W		MEP2	NaN	1	5.15248144970638	2	0	0	0
YPR138C		MEP3	NaN	1	5.15248144970638	2	0	0	0
YGR248W	P53315	SOL4	28.44737	1	4.36442486992065	2	0	4.52932794950809e-07	0
YGR256W	P53319	GND2	53.92235	1	4.36442486992065	2	0	4.25869113581755e-07	0
YHR163W	P38858	SOL3	27.78417	2	4.36442486992065	2	1.09099468820111e-06	1.55823159359353e-06	1.54167016811446e-06
YHR183W	P38720	GND1	53.54274	2	4.36442486992065	2	0	4.27984502300906e-07	4.23535553108063e-07
YNL241C	P11412	ZWF1	57.5209	2	4.36442486992065	2	2.40161483878954e-08	2.4602551272176e-08	2.43626488424761e-08
YML120C	P32340	NDI1	57.24915	2	3.82568244626322	2	1.13698129598229e-06	1.14249510223755e-06	1.13952541651189e-06
YBR221C	P32473	PDB1	40.0532	2	3.49219002526725	2	6.67222374203966e-07	6.69211976261392e-07	6.68196027929119e-07
YER178W	P16387	PDA1	46.34261	2	3.49219002526725	2	6.67222374203966e-07	6.69211976261392e-07	6.68196027929119e-07
YGR193C	P16451	PDX1	45.36125	2	3.49219002526725	2	6.67222374203966e-07	6.69211976261392e-07	6.68196027929119e-07
YNL071W	P12695	LAT1	51.81762	2	3.49219002526725	2	6.67222374203966e-07	6.69211976261392e-07	6.68196027929119e-07
YDR226W	P07170	ADK1	24.2546	1	2.52626760201606	2	0	1.96112182454885e-07	0
YLL052C		AQY2	NaN	1	2.44325628106832	2	0	0	0
YPR192W		AQY1	NaN	1	2.44325628106832	2	0	0	0
YAL062W	P39708	GDH3	49.62653	1	2.05255674547882	2	0	5.2514865355484e-06	0
YOR375C	P07262	GDH1	49.56931	2	2.05255674547882	2	7.68258063431087e-06	1.29355444725553e-05	1.29333617123422e-05
YER053C		PIC2	NaN	1	2.03066335766183	2	0	0	0
YJR077C		MIR1	NaN	1	2.03066335766183	2	0	0	0
Q0045	P00401	COX1	58.79755	2	1.68516566115365	2	5.82743047643446e-06	5.82861604135451e-06	5.82746985066184e-06
Q0250	P00410	COX2	28.5669	2	1.68516566115365	2	5.82743047643446e-06	5.82861604135451e-06	5.82746985066184e-06
Q0275	P00420	COX3	30.35941	2	1.68516566115365	2	5.82743047643446e-06	5.82861604135451e-06	5.82746985066184e-06
YDL067C	P07255	COX9	6.96313	2	1.68516566115365	2	5.82743047643446e-06	5.82861604135451e-06	5.82746985066184e-06
YGL187C	P04037	COX4	17.1424	2	1.68516566115365	2	5.82742947077247e-06	5.82747671562932e-06	5.82746985066184e-06
YGL191W	P32799	COX13	15.02097	2	1.68516566115365	2	5.82742947077247e-06	5.82747671562932e-06	5.82746985066184e-06
YHR051W	P00427	COX6	17.34139	2	1.68516566115365	2	5.82742947077247e-06	5.82747671562932e-06	5.82746985066184e-06
YIL111W	P00425	COX5B	17.1965	2	1.68516566115365	2	5.82742947077247e-06	5.82747671562932e-06	5.82746985066184e-06
YLR038C	Q01519	COX12	9.78778	2	1.68516566115365	2	5.82742947077247e-06	5.82747671562932e-06	5.82746985066184e-06
YLR395C	P04039	COX8	8.90656	2	1.68516566115365	2	1.16548443872309e-05	1.16549370077887e-05	1.16549251524719e-05
YMR256C	P10174	COX7	6.9323	2	1.68516566115365	2	5.82742947077247e-06	5.82747671562932e-06	5.82746985066184e-06
YBL045C	P07256	COR1	50.22724	2	1.68516566115365	2	1.8369606943446e-05	1.83697645262454e-05	1.83697440242467e-05
YDR529C	P00128	QCR7	14.56466	2	1.68516566115365	2	1.8369606943446e-05	1.83697645262454e-05	1.83697440242467e-05
YEL024W	P08067	RIP1	23.36479	2	1.68516566115365	2	1.8369606943446e-05	1.83697645262454e-05	1.83697440242467e-05
YEL039C	P00045	CYC7	12.53211	1	1.68516566115365	2	0	1.84427456570678e-11	0
YFR033C	P00127	QCR6	17.25682	2	1.68516566115365	2	1.8369606943446e-05	1.83697645262454e-05	1.83697440242467e-05
YGR183C	P22289	QCR9	7.47622	2	1.68516566115365	2	1.8369606943446e-05	1.83697645262454e-05	1.83697440242467e-05
YHR001W-A	P37299	QCR10	8.59285	2	1.68516566115365	2	1.8369606943446e-05	1.83697645262454e-05	1.83697440242467e-05
YJL166W	P08525	QCR8	10.97437	2	1.68516566115365	2	1.8369606943446e-05	1.83697645262454e-05	1.83697440242467e-05
YJR048W	P00044	CYC1	12.18177	1	1.68516566115365	2	0	1.84431423247783e-11	0
YOR065W	P07143	CYT1	34.05423	2	1.68516566115365	2	1.8369606943446e-05	1.83697645262454e-05	1.83697440242467e-05
YPR191W	P07257	QCR2	40.47764	2	1.68516566115365	2	1.8369606943446e-05	1.83697645262454e-05	1.83697440242467e-05
YDR231C	Q04935	COX20	23.75778	1	1.68516566115365	2	0	1.05702736237803e-09	0
YGR062C	P53239	COX18	35.64994	1	1.68516566115365	2	0	1.05702736237803e-09	0
YHR116W	P38824	COX23	17.31758	1	1.68516566115365	2	0	1.05702736237803e-09	0
YJL003W	P47081	COX16	14.07686	1	1.68516566115365	2	0	1.05702736237803e-09	0
YLL018C-A	Q3E731	COX19	11.10542	1	1.68516566115365	2	0	1.05702736237803e-09	0
YPL132W	P19516	COX11	34.04384	1	1.68516566115365	2	0	1.05702736237803e-09	0
Q0105	P00163	COB	43.65549	2	1.68516566079195	2	1.8369606943446e-05	1.83697645262454e-05	1.83697440242467e-05
YBL030C		PET9	NaN	1	1.58823118751228	2	0	0	0
YBR085W		AAC3	NaN	1	1.58823118751228	2	0	0	0
YMR056C		AAC1	NaN	1	1.58823118751228	2	0	0	0
Q0080	P00856	ATP8	5.82221	2	1.57939961160647	2	2.2300022013338e-05	2.23021257515227e-05	2.23012056749794e-05
Q0085	P00854	ATP6	29.09876	2	1.57939961160647	2	2.2300022013338e-05	2.23021257515227e-05	2.23012056749794e-05
Q0130	P61829	OLI1	7.75937	2	1.57939961160647	2	0.000222999876236604	0.000223021233605793	0.000223012056749794
YBL099W	P07251	ATP1	58.60746	2	1.57939961160647	2	6.86156103522628e-06	6.86461377784874e-06	6.8619264834737e-06
YBR039W	P38077	ATP3	34.35021	2	1.57939961160647	2	2.2300022013338e-05	2.23021257515227e-05	2.23012056749794e-05
YDL004W	Q12165	ATP16	17.02022	2	1.57939961160647	2	2.2300022013338e-05	2.23021257515227e-05	2.23012056749794e-05
YDR298C	P09457	ATP5	22.81414	2	1.57939961160647	2	2.2300022013338e-05	2.23021257515227e-05	2.23012056749794e-05
YDR322C-A	P81449	TIM11	10.87534	2	1.57939961160647	2	2.2300022013338e-05	2.23021257515227e-05	2.23012056749794e-05
YDR377W	Q06405	ATP17	11.312	2	1.57939961160647	2	2.2300022013338e-05	2.23021257515227e-05	2.23012056749794e-05
YJR121W	P00830	ATP2	54.7932	2	1.57939961160647	2	6.86156103522696e-06	6.86461377784874e-06	6.8619264834737e-06
YKL016C	P30902	ATP7	19.80938	2	1.57939961160647	2	2.2300022013338e-05	2.23021257515227e-05	2.23012056749794e-05
YML081C-A	P81450	ATP18	6.68769	2	1.57939961160647	2	2.2300022013338e-05	2.23021257515227e-05	2.23012056749794e-05
YPL078C	P05626	ATP4	26.92481	2	1.57939961160647	2	2.2300022013338e-05	2.23021257515227e-05	2.23012056749794e-05
YPL271W	P21306	ATP15	6.7425	2	1.57939961160647	2	2.2300022013338e-05	2.23021257515227e-05	2.23012056749794e-05
YPR020W	Q12233	ATP20	12.92094	2	1.57939961160647	2	2.2300022013338e-05	2.23021257515227e-05	2.23012056749794e-05
YOL077W-A	P81451	ATP19	7.53367	2	1.57939961160647	2	2.2300022013338e-05	2.23021257515227e-05	2.23012056749794e-05
YLR295C	Q12349	ATP14	14.12765	2	1.57939961160644	2	2.2300022013338e-05	2.23021257515227e-05	2.23012056749794e-05
YBR263W	P37292	SHM1	53.68589	2	1.30928302498372	2	1.65649247406681e-05	1.65770310640958e-05	1.65694684249397e-05
YLR058C	P37291	SHM2	52.21793	2	1.26141304126618	2	4.60659679047161e-05	4.60785892003717e-05	4.6070753906403e-05
YCR012W	P00560	PGK1	44.73787	2	1.19609058376169	2	9.64287129456626e-07	9.70931989920621e-07	9.64383689994816e-07
YGR192C	P00359	TDH3	35.74626	1	1.19609058376169	2	0	1.19694568929222e-08	0
YJL052W	P00360	TDH1	35.74956	2	1.19609058376169	2	1.78361530873778e-05	1.78557013588024e-05	1.78477484030306e-05
YJR009C	P00358	TDH2	35.84645	1	1.19609058376169	2	0	1.92393621538416e-08	0
YDR050C	P00942	TPI1	26.79508	2	1.11742756553515	2	2.96545346583156e-08	4.06143167722727e-08	2.96590438339824e-08
YGR240C	P16861	PFK1	107.96906	1	1.11031152790564	2	0	1.20059199625322e-08	0
YKL060C	P14540	FBA1	39.62024	1	1.11031152790564	2	0	1.245541225489e-08	0
YMR205C	P16862	PFK2	104.61673	2	1.11031152790564	2	7.11178769038308e-07	7.20861458164085e-07	7.20755196312091e-07
YDR516C	Q04409	EMI2	55.92028	2	1.00066848590939	2	1.86147170206769e-07	1.86181125987126e-07	1.86178186178e-07
YER141W	P40086	COX15	54.65792	0	0.145891666666667	0	0	2.3847993981e-13	2.3847993981e-13
YNL036W	P53615	NCE103	24.85889	0	0.145067033155655	0	0	1.20836010016427e-08	2.60659312015924e-11
YGL062W	P11154	PYC1	130.09827	0	0.141408058023144	0	0	2.67244264257098e-07	2.66753619580843e-07
YBR218C	P32327	PYC2	130.16549	0	0.14140805802312	0	0	2.67215005317043e-07	0
YOR388C	Q08911	FDH1	41.7138	0	0.139469023957648	0	9.59747630057532e-06	9.60372725571788e-06	9.59971164898614e-06
YBL039C	P28274	URA7	64.70953	0	0.133931198022575	0	0	1.95462579083101e-08	0
YJR103W	P38627	URA8	64.50989	0	0.133931198022575	0	0	1.94765790399207e-08	1.88718006386648e-08
YDR503C	Q04396	LPP1	31.58604	0	0.107871341766435	0	1.33777553481457e-10	6.33127895925846e-10	4.9474106999704e-10
YKL029C	P36013	MAE1	74.37529	0	0.0753823808450001	0	9.15207921948502e-09	9.37782006235101e-09	9.15812827463739e-09
YER069W	Q01217	ARG5,6	94.86823	0	0.0753127384427565	0	3.1816808191818e-07	3.19470983893428e-07	3.1816808191818e-07
YOR130C		ORT1	NaN	0	0.0753127384427565	0	0	0	0
YMR062C	Q04728	ARG7	47.84821	0	0.0753127384427565	0	6.98201444795891e-08	7.55109141520096e-08	6.98201444795891e-08
YOL140W	P18544	ARG8	46.68082	0	0.0753127384427565	0	7.90287181270117e-07	7.93588223140183e-07	7.90287181270117e-07
YPL061W	P54115	ALD6	54.41344	0	0.0696017535619831	0	0	2.19861064735157e-08	0
YCL040W	P17709	GLK1	55.37689	0	0	0	0	1.71692104493989e-10	0
YER070W	P21524	RNR1	99.56021	0	0	0	0	3.19970611071231e-09	0
YFR053C	P04806	HXK1	53.73784	0	0	0	0	1.83888399224263e-10	0
YGL253W	P04807	HXK2	53.9419	0	0	0	0	3.85105446957229e-10	0
YGR180C	P49723	RNR4	40.05407	0	0	0	0	8.58764110945154e-09	0
YIL066C	P21672	RNR3	97.51369	0	0	0	0	3.19681150869372e-09	0
YJL026W	P09938	RNR2	46.14681	0	0	0	0	7.30820403477831e-09	0
YLR438W	P07991	CAR2	46.08557	0	0	0	0	5.2723755617369e-11	0
YMR246W	P47912	FAA4	77.26612	0	0	0	0	4.73042211129816e-09	0
YOL126C	P22133	MDH2	40.7305	0	0	0	0	7.86282645498695e-09	0
YOR317W	P30624	FAA1	77.86529	0	0	0	0	4.68620255041363e-09	0
YLR446W	Q06204	YLR446W	48.96875	0	0	0	0	4.99956926730406e-09	0
