genes	enzymes	shortNames	MWs	actions	k_scores	OE	minUsage	maxUsage	pUsage	foldChange	unique	conectivity	groups	priority
YDL238C	Q07729	GUD1	55.20292	OE	1000	2	3.01098228842095e-07	3.01098764645691e-07	3.01098228842095e-07	1.00005633714151	1	5	0	1
YDR300C	P32264	PRO1	47.16164	OE	1000	2	1.08836228407797e-07	1.09190270375353e-07	1.0902612724658e-07	1.00001811753778	1	4	0	1
YER065C	P28240	ICL1	62.40816	OE	1000	2	2.32714198651175e-06	2.33430831765993e-06	2.32842332143578e-06	1.00044803104085	1	3	0	1
YFL030W	P43567	AGX1	41.90679	OE	1000	2	2.34490203950517e-07	2.35214197968478e-07	2.34619315318777e-07	1.00003358264989	1	4	0	1
YKL106W	Q01802	AAT1	51.79484	OE	1000	2	3.29216499683769e-07	3.30606214904366e-07	3.2932069409345e-07	1.00005778757022	1	6	0	1
YLR209C	Q05788	PNP1	33.7546	OE	1000	2	3.31208122074879e-06	3.31652989294009e-06	3.31208122074879e-06	1.00037332157218	1	13	0	1
YOR323C	P54885	PRO2	49.73991	OE	1000	2	1.41149781776455e-08	1.41533384137867e-08	1.41330231905917e-08	1.00000334025034	1	6	0	1
YMR217W	P38625	GUA1	58.48154	OE	177.688985195264	2	0.000455128701915574	0.000455129667017833	0.000455128701915574	1.00575187108206	1	9	0	1
YAR015W	P27616	ADE1	34.60299	OE	88.7370223907698	2	2.53163253104667e-06	2.53163577831744e-06	2.53163253104664e-06	1.0002927180502	1	7	0	1
YDR408C	P04161	ADE8	23.53994	OE	88.7370223907698	2	2.61331949208529e-05	2.61332284413415e-05	2.61331949208525e-05	1.00205314179897	1	5	0	1
YGL234W	P07244	ADE5,7	86.06721	OE	88.7370223907698	2	5.59997034018275e-05	5.5999778460509e-05	5.59997034018268e-05	1.00575187108206	1	9	0	1
YMR300C	P04046	ADE4	56.71874	OE	88.7370223907698	2	3.52432279403367e-06	3.52432751782692e-06	3.52432279403362e-06	1.00066690576048	1	6	0	1
YOR128C	P21264	ADE2	62.33875	OE	88.7370223907698	2	4.89997581165233e-06	4.89998209674626e-06	4.89997581165226e-06	1.00101892269146	1	8	0	1
YGR061C	P38972	ADE6	148.90358	OE	88.7370223907697	2	3.86778623037094e-05	3.86779117999128e-05	3.86778623037089e-05	1.00575187108206	1	9	0	1
YJR051W	P21375	OSM1	55.06455	OE	81.3225943235692	2	4.74652791966152e-08	5.03662399161901e-08	4.77738568190743e-08	1.00000974114069	1	5	0	1
YPR035W	P32288	GLN1	41.7656	OE	27.7595469178586	2	1.12312035141906e-05	1.12313639977949e-05	1.12312035141905e-05	1.0015650111561	1	7	0	1
YHR137W	P38840	ARO9	58.52706	OE	15.3509453482198	2	2.85146182416215e-08	3.11087036931027e-08	2.85269252372543e-08	1.00000655867368	1	13	0	1
YKL085W	P17505	MDH1	35.64959	OE	13.562382562884	2	1.19485449753781e-06	1.19923937595071e-06	1.19525702041181e-06	1.0001423958343	1	5	0	1
YJL121C	P46969	RPE1	25.96689	OE	8.03542572237028	2	7.24607253850556e-08	7.86560708580309e-08	7.30019065098992e-08	1.0000073112307	1	2	0	1
YNL241C	P11412	ZWF1	57.5209	OE	4.36442486409976	2	2.4198584786497e-08	2.44975320894661e-08	2.43539439508584e-08	1.00000566534584	1	5	0	1
YML120C	P32340	NDI1	57.24915	OE	3.82568244760263	2	1.13788355005799e-06	1.14095341766452e-06	1.13946841131381e-06	1.00021692355838	1	5	0	1
YOL077W-A	P81451	ATP19	7.53367	OE	1.57939961154512	2	2.23006845424411e-05	2.23016252057525e-05	2.23011962988077e-05	1.00056043242412	1	4	0	1
YBR263W	P37292	SHM1	53.68589	OE	1.30928302528805	2	1.65684729294325e-05	1.65747217987305e-05	1.65695434119849e-05	1.00298933404284	1	5	0	1
YLR058C	P37291	SHM2	52.21793	OE	1.26141304126619	2	4.60704525412456e-05	4.60768340065333e-05	4.6071580113221e-05	1.00575187108206	1	5	0	1
YCR012W	P00560	PGK1	44.73787	OE	1.19609058387975	2	9.64329646033217e-07	9.67576689568079e-07	9.64386076051052e-07	1.00014466842712	1	4	0	1
YDR050C	P00942	TPI1	26.79508	OE	1.11742756577294	2	2.96556355625637e-08	3.50092668647335e-08	2.96592237329383e-08	1.00000364564032	1	2	0	1
YMR205C	P16862	PFK2	104.61673	OE	1.11031152814168	2	7.16086805881018e-07	7.20845102533039e-07	7.20759561507097e-07	1.00025225763752	1	9	0	1
YDR516C	Q04409	EMI2	55.92028	OE	1.00066848590939	2	1.86161017791716e-07	1.86182074626139e-07	1.86178e-07	1.0000356593185	1	4	0	1
YPL061W	P54115	ALD6	54.41344	deletion	0.0696017652776828	0	0	1.09930531477835e-08	0	1.00000498269243	1	8	0	1
YCL040W	P17709	GLK1	55.37689	deletion	0	0	0	8.84104593374459e-11	0	1.0000010325985	1	6	0	1
YLR438W	P07991	CAR2	46.08557	deletion	0	0	0	2.5003695829933e-11	0	1.00000100767323	1	4	0	1
YMR246W	P47912	FAA4	77.26612	deletion	0	0	0	2.25774885627002e-09	0	1.00000216149477	1	48	0	1
YOL126C	P22133	MDH2	40.7305	deletion	0	0	0	3.83973149231151e-09	0	1.00000204129351	1	5	0	1
YLR446W	Q06204	YLR446W	48.96875	deletion	0	0	0	2.54993161059269e-09	0	1.00000183138124	1	20	0	1
YML056C	P50094	IMD4	56.39328	OE	177.688985195264	2	7.84516658072384e-05	7.95552067262005e-05	7.95551401526371e-05	1.00575187108206	0	7	1	2
YMR120C	P38009	ADE17	65.26269	OE	47.7363160909995	2	3.78351876712422e-05	4.57008666010807e-05	4.56986700381422e-05	1.00575187108206	0	10	2	2
YPR074C	P23254	TKL1	73.80488	OE	30.3711846525059	2	0	1.22243194043603e-07	1.20082764078848e-07	1.00003034623452	0	10	3	2
YER099C	P38620	PRS2	34.76468	OE	26.6169631073197	2	0.000298635520396824	0.000299055431419127	0.000299054090237734	1.00575187108206	0	6	4	2
YHR163W	P38858	SOL3	27.78417	OE	4.36442486409976	2	1.316910243837e-06	1.5505291641559e-06	1.54111932194784e-06	1.00013994875485	0	5	5	2
YHR183W	P38720	GND1	53.54274	OE	4.36442486409976	2	2.84486259914727e-08	4.2586794544445e-07	4.23384221817698e-07	1.00007549050132	0	6	6	2
YBR221C	P32473	PDB1	40.0532	OE	3.492190026985	2	6.67521285804174e-07	6.68465938631987e-07	6.68054000435019e-07	1.0000891636867	0	6	7	2
YOR375C	P07262	GDH1	49.56931	OE	2.05255674564547	2	1.03083497410228e-05	1.29348144755243e-05	1.29333875189644e-05	1.00214317211336	0	8	8	2
YDL067C	P07255	COX9	6.96313	OE	1.68516566117369	2	5.82744004189527e-06	5.82802715832892e-06	5.82745913319222e-06	1.00013607750657	0	7	9	2
YMR256C	P10174	COX7	6.9323	OE	1.68516566117369	2	5.82743802998123e-06	5.82746189461518e-06	5.82745913319222e-06	1.00013547946764	0	7	11	2
YGR183C	P22289	QCR9	7.47622	OE	1.68516566117369	2	1.83696514010046e-05	1.83697213107878e-05	1.83697102399152e-05	1.00045811930561	0	6	12	2
Q0080	P00856	ATP8	5.82221	OE	1.57939961154512	2	2.23006845424411e-05	2.23016252057525e-05	2.23011962988077e-05	1.00043332354205	0	7	13	2
YJL052W	P00360	TDH1	35.74956	OE	1.19609058387975	2	1.78418651728459e-05	1.78517337849932e-05	1.78477925615246e-05	1.00213366611925	0	8	14	2
YER070W	P21524	RNR1	99.56021	deletion	0	0	0	1.52204471362186e-09	0	1.00000200894105	0	24	17	2
YFR053C	P04806	HXK1	53.73784	deletion	0	0	0	8.84890629388595e-11	0	1.0000010316618	0	12	18	2
YGL253W	P04807	HXK2	53.9419	deletion	0	0	0	1.50361043271378e-10	0	1.00000105400348	0	12	18	2
YGR180C	P49723	RNR4	40.05407	deletion	0	0	0	4.37995494565822e-09	0	1.00000216800557	0	24	17	2
YJL026W	P09938	RNR2	46.14681	deletion	0	0	0	3.54654633382704e-09	0	1.00000208968223	0	24	17	2
YBR218C	P32327	PYC2	130.16549	deletion	0.14140805802312	0	0	2.66969693402093e-07	0	1.00023237155806	0	8	15	3
YBL039C	P28274	URA7	64.70953	deletion	0.133931198022575	0	0	1.92047184272263e-08	0	1.00000927424528	0	12	16	3
