genes	enzymes	shortNames	MWs	actions	k_scores	OE	minUsage	maxUsage	pUsage	foldChange	unique	conectivity	groups	priority
YOL126C	P22133	MDH2	40.7305	OE	8.53389013042336	2	2.84241634509059e-08	0.00225670495085275	2.84262369385148e-08	1.00000100000099	1	5	0	1
YKL085W	P17505	MDH1	35.64959	OE	8.33107359620144	2	1.24989884320656e-06	0.00257955558847247	1.24999217215446e-06	1.00000100000095	1	5	0	1
YMR205C	P16862	PFK2	104.61673	OE	1.28711554573583	2	4.05550064347402e-07	7.2976314492468e-07	7.29745528568973e-07	1.00000100000099	1	9	0	1
YBR196C	P12709	PGI1	61.29832	OE	1.26235081699	2	3.82780097793399e-07	0.00149986327342325	3.834642627249e-07	1.00000100000074	1	2	0	1
YDR516C	Q04409	EMI2	55.92028	OE	1.00066855659644	2	1.86174029986363e-07	3.50066527969341e-07	1.86178e-07	1.000001000001	1	4	0	1
YBR263W	P37292	SHM1	53.68589	deletion	0.0223567201060629	0	0	0.00171209876682454	0	1.00000100000099	1	5	0	1
YOR317W	P30624	FAA1	77.86529	deletion	0.0171595334639429	0	0	0.00118052975616057	0	1.00000100000099	1	52	0	1
YCL040W	P17709	GLK1	55.37689	deletion	0	0	0	2.16178072565176e-11	0	1.00000100000099	1	6	0	1
YDL066W	P21954	IDP1	48.18986	deletion	0	0	0	6.34635184217394e-10	0	1.00000100000099	1	5	0	1
YDL142C	Q07560	CRD1	32.01936	deletion	0	0	0	0	0	1.00000100000099	1	50	0	1
YHR002W		LEU5	NaN	deletion	0	0	0	0	0	1.000001000001	1	2	0	1
YHR123W	P22140	EPT1	44.55926	deletion	0	0	0	5.00846971999252e-08	0	1.00000100000098	1	36	0	1
YML059C	Q04958	NTE1	187.13107	deletion	0	0	0	5.58008490016037e-12	0	1.00000100000099	1	19	0	1
YMR267W	P28239	PPA2	35.57213	deletion	0	0	0	3.41728064477556e-11	0	1.00000100000099	1	4	0	1
YNL130C	P17898	CPT1	44.82898	deletion	0	0	0	1.06151666836767e-05	0	1.00000100000099	1	27	0	1
YNR008W	P40345	LRO1	75.39242	deletion	0	0	0	0.00121916245663856	0	1.00000100000099	1	48	0	1
YOR311C	Q12382	DGK1	32.83975	deletion	0	0	0	2.96163468231439e-10	0	1.00000100000099	1	19	0	1
YPR140W	Q06510	TAZ1	44.1872	deletion	0	0	0	0.0020801400430281	0	1.000001000001	1	75	0	1
YLR446W	Q06204	YLR446W	48.96875	deletion	0	0	0	3.5468650795202e-09	0	1.00000100000099	1	20	0	1
YAR035W	P80235	YAT1	77.76483	OE	1000	2	0	7.74022360471788e-07	7.73697839754168e-07	1.00000100000099	0	5	1	2
YLR044C	P06169	PDC1	61.49468	OE	6.19979486022085	2	0	1.47651484227331e-06	1.47624107471342e-06	1.00000100000099	0	17	3	2
YGL062W	P11154	PYC1	130.09827	OE	3.97892219185763	2	0	4.22345821285986e-06	4.22059485419882e-06	1.00000100000099	0	8	4	2
YAL038W	P00549	CDC19	54.54404	OE	2.13566595371747	2	0	2.20689271420095e-06	2.2068671828453e-06	1.00000100000099	0	6	5	2
YGR254W	P00924	ENO1	46.81564	OE	1.99183792804317	2	0	0.00196559688251548	2.24357323684519e-06	1.00000100000099	0	5	6	2
YLR354C	P15019	TAL1	37.0359	OE	1.34163733242486	2	0	0.0024852440716439	3.44767447639651e-06	1.00000100000093	0	6	7	2
YOR222W		ODC2	NaN	deletion	0.13425393429407	0	0	0	0	1.00000100000099	0	6	8	2
YMR189W	P49095	GCV2	114.45033	deletion	0.0223566756627053	0	0	7.24453704845369e-12	0	1.00000100000099	0	18	12	2
YFR053C	P04806	HXK1	53.73784	deletion	0	0	0	2.16178072877159e-11	0	1.00000100000099	0	12	17	2
YGL253W	P04807	HXK2	53.9419	deletion	0	0	0	4.67410443551482e-11	0	1.00000100000099	0	12	17	2
YIL125W	P20967	KGD1	114.41496	deletion	0	0	0	1.92287494761613e-10	0	1.00000100000099	0	11	16	2
YBL039C	P28274	URA7	64.70953	deletion	0.133931198022575	0	0	2.16998143898185e-08	0	1.00000100000099	0	12	9	3
YAL062W	P39708	GDH3	49.62653	deletion	0.0866457644568719	0	0	6.96068050290495e-07	0	1.00000100000099	0	8	10	3
YER070W	P21524	RNR1	99.56021	deletion	0.045750000000001	0	0	2.53009016716533e-07	0	1.00000100000099	0	24	11	3
YIL066C	P21672	RNR3	97.51369	deletion	0.045750000000001	0	0	2.53009016717408e-07	0	1.00000100000099	0	24	11	3
YJL026W	P09938	RNR2	46.14681	deletion	0.045750000000001	0	0	2.53009016715365e-07	0	1.000001000001	0	24	11	3
YGR248W	P53315	SOL4	28.44737	deletion	0.00441977380287297	0	0	6.25930860126664e-07	0	1.00000100000099	0	5	13	3
YGR256W	P53319	GND2	53.92235	deletion	0.00441977380287297	0	0	1.71958943316455e-07	0	1.00000100000099	0	6	14	3
YER081W	P40054	SER3	51.1927	deletion	0.00294791085928494	0	0	1.53610566961901e-08	0	1.00000100000099	0	6	15	3
