genes	enzymes	shortNames	MWs	actions	k_scores	OE	minUsage	maxUsage	pUsage	foldChange	unique	conectivity	groups	priority
YPR074C	P23254	TKL1	73.80488	1	97.763260511632	2	0	0.0011122791389406	2.97636263689486e-06	1.000001	0	10	1	1
YJL121C	P46969	RPE1	25.96689	1	25.6207536494105	2	1.80906207116124e-06	0.00315474567642062	1.80941993320112e-06	1.000001	1	2	0	1
YHR163W	P38858	SOL3	27.78417	2	13.7606335396797	2	0	3.11038413918685e-05	3.11036756036597e-05	1.00000099999999	0	5	2	1
YHR183W	P38720	GND1	53.54274	2	13.7606335396797	2	0	8.54500718775602e-06	8.54496164156932e-06	1.000001	0	6	3	1
YNL241C	P11412	ZWF1	57.5209	2	13.7606335396797	2	4.91427745058313e-07	4.91526645033906e-07	4.91524025122079e-07	1.000001	1	5	0	1
YJR139C	P31116	HOM6	38.50163	2	13.4326951135204	2	6.95952605961787e-06	6.95971027573078e-06	6.95953703982076e-06	1.000001	1	7	0	1
YCR053W	P16120	THR4	57.47349	2	13.4326951135204	2	3.85133212219221e-08	3.8517347951173e-08	3.85163892061152e-08	1.000001	1	6	0	1
YDR158W	P13663	HOM2	39.54334	2	13.4326951135204	2	8.27959516337516e-07	8.27981432123503e-07	8.2796082262812e-07	1.000001	1	6	0	1
YER052C	P10869	HOM3	58.10913	2	13.4326951135204	2	6.92275375540326e-07	6.92293699941458e-07	6.92276467883681e-07	1.000001	1	4	0	1
YHR025W	P17423	THR1	38.71215	2	13.4326951135204	2	3.8513321221913e-06	3.85173479511774e-06	3.85163892061152e-06	1.000001	1	5	0	1
YDL066W	P21954	IDP1	48.18986	2	7.8167145040206	2	5.69762981286001e-06	5.70135521977741e-06	5.69911997563297e-06	1.000001	1	5	0	1
YOR095C	Q12189	RKI1	28.25777	1	7.21907972888483	2	1.10036345719271e-05	0.00290832898439347	1.10057501628174e-05	1.000001	1	2	0	1
YGL062W	P11154	PYC1	130.09827	2	2.70201875093612	2	0	2.8522490348637e-06	2.85054589446339e-06	1.00000099999999	0	8	4	1
YAL038W	P00549	CDC19	54.54404	2	1.86088873822813	2	0	1.54830318701433e-06	1.54824923272868e-06	1.000001	0	6	5	1
YGR254W	P00924	ENO1	46.81564	1	1.73698862659066	2	0	0.00175039758108302	1.57922898727586e-06	1.000001	0	5	6	1
YOR375C	P07262	GDH1	49.56931	2	1.24689923739197	2	0	7.42279894636433e-06	7.42229438076547e-06	1.00000099999999	0	8	7	1
YCR012W	P00560	PGK1	44.73787	1	1.00550823470693	2	7.8078455496638e-07	0.00183081707343403	7.80784554966437e-07	1.000001	1	4	0	1
YJL052W	P00360	TDH1	35.74956	1	1.00550823470693	2	0	0.00230460084926504	1.4449898353308e-05	1.000001	0	8	8	1
YDR516C	Q04409	EMI2	55.92028	2	1.00031999718109	2	1.1506321198713e-08	1.86182381005217e-07	1.86106378681573e-07	1.000001	1	4	0	1
YNR019W	P53629	ARE2	74.022	0	0.107676211952292	0	0	0.00110604929878631	0	1.00000099999998	1	84	0	1
YDL052C	P33333	SLC1	33.88654	0	0.106348247925119	0	0	1.5965253432916e-06	0	1.00000099999999	1	28	0	1
YOR245C	Q08650	DGA1	47.71075	0	0.0852643179284383	0	0	5.724318591047e-08	0	1.00000099999999	1	122	0	1
YOR222W		ODC2	NaN	0	0.152140731303693	0	0	0	0	1.000001	0	6	9	2
YPL134C		ODC1	NaN	0	0.152140731303693	0	0	0	0	1.000001	0	6	9	2
