genes	enzymes	shortNames	MWs	actions	k_scores	OE	minUsage	maxUsage	pUsage
YBL015W	P32316	ACH1	58.71137	1	1000	2	0	0.00163531196985771	6.72736422096e-12
YBR145W	P38113	ADH5	37.64764	1	1000	2	0	0.00087061666645569	0
YBR252W	P33317	DUT1	15.30716	1	1000	2	0	0.000113011176090108	0
YDL171C	Q12680	GLT1	238.09944	1	1000	2	0	2.68864305167281e-05	9.50753847562858e-10
YDR300C	P32264	PRO1	47.16164	1	1000	2	0	5.70697462877258e-05	1.0902612724658e-07
YER170W	P26364	ADK2	25.19373	1	1000	2	0	0.0038109311009654	4.17441764088e-13
YJR019C	P41903	TES1	40.25927	1	1000	2	0	0.0020063209649966	3.66819283966013e-10
YKL188C		PXA2	NaN	1	1000	2	0	0	0
YOL086C	P00330	ADH1	36.84874	1	1000	2	0	0.000359275069099887	1.95248767009916e-07
YOR323C	P54885	PRO2	49.73991	1	1000	2	0	7.39793357918158e-06	1.41330231905917e-08
YPL147W		PXA1	NaN	1	1000	2	0	0	0
YJR069C	P47119	HAM1	22.09268	1	1000	2	0	0.00434584530865596	8.15824385982e-11
YDR452W	Q04119	PPN1	78.34335	1	1000	2	0	0.00122552220789201	8.27138155473039e-13
YLR044C	P06169	PDC1	61.49468	2	258.051441185395	2	0	4.85311349891675e-06	3.17953753301267e-06
YBR296C		PHO89	NaN	1	11.4867464693878	2	0	0	0
YCR037C		PHO87	NaN	1	11.4867464693878	2	0	0	0
YJL198W		PHO90	NaN	1	11.4867464693878	2	0	0	0
YML123C		PHO84	NaN	1	11.4867464693878	2	0	0	0
YNR013C		PHO91	NaN	1	11.4867464693878	2	0	0	0
YGR087C	P26263	PDC6	61.57964	1	7.58527205553919	2	0	1.081634889784e-05	0
YLR134W	P16467	PDC5	61.91138	1	7.58527205553919	2	0	1.081634889784e-05	0
YAL038W	P00549	CDC19	54.54404	1	2.55981847680727	2	0	9.48526272392151e-06	2.17685470030366e-06
YOR347C	P52489	PYK2	55.19478	1	2.55981847680727	2	0	9.48526272772957e-06	0
YGR254W	P00924	ENO1	46.81564	1	2.38522902372276	2	0	0.00205305644856409	2.21329981324914e-06
YHR174W	P00925	ENO2	46.91368	1	2.38522902372276	2	0	0.00204876333672201	0
YKL152C	P00950	GPM1	27.60828	1	2.38522902372276	2	0	0.00347820949494401	0
YMR323W	P42222	ERR3	47.31216	1	2.38522902372276	2	0	0.00203150706477347	0
YOR393W	P0CX10	ERR1	47.32712	1	2.38522902372276	2	0	0.00203086748501335	0
YPL281C	P0CX11	ERR2	47.32712	1	2.38522902372276	2	0	0.00203086748501335	0
YOR283W	Q12040	YOR283W	26.17622	1	2.38522902372276	2	0	0.00366850234868142	6.11115438736102e-07
YGR043C	P53228	NQM1	37.25314	1	1.26949335229035	2	0	0.00258058003661065	0
YLR354C	P15019	TAL1	37.0359	1	1.26949335229035	2	0	0.0025957140547917	3.26294260156889e-06
YGR240C	P16861	PFK1	107.96906	1	1.25033437954455	2	0	3.22522206159494e-06	0
YKL060C	P14540	FBA1	39.62024	1	1.25033437954455	2	0	0.00242640383728962	0
YMR205C	P16862	PFK2	104.61673	1	1.25033437954455	2	0	5.79997459427506e-06	7.10339327923385e-07
YCR012W	P00560	PGK1	44.73787	1	1.23601161275538	2	0	0.00214704506561486	9.57454788479846e-07
YGR192C	P00359	TDH3	35.74626	1	1.23601161275538	2	0	0.00270374110557449	0
YJL052W	P00360	TDH1	35.74956	1	1.23601161275538	2	0	0.00270349150296842	1.7719515945108e-05
YJR009C	P00358	TDH2	35.84645	1	1.23601161275538	2	0	0.00269619098994335	0
YBR196C	P12709	PGI1	61.29832	1	1.16884059402957	2	0	0.00156665189426964	3.53125875897899e-07
YDR516C	Q04409	EMI2	55.92028	1	1.00067134051798	2	0	1.09797626262435e-06	1.86178e-07
YER141W	P40086	COX15	54.65792	0	0.145891666666667	0	0	2.3847993981e-13	2.3847993981e-13
YBR221C	P32473	PDB1	40.0532	0	0.142081926315406	0	0	5.61996774802592e-06	2.27705890881529e-07
YER178W	P16387	PDA1	46.34261	0	0.142081926315406	0	0	5.61996774802592e-06	2.27705890881529e-07
YGR193C	P16451	PDX1	45.36125	0	0.142081926315406	0	0	5.61996774802592e-06	2.27705890881529e-07
YNL071W	P12695	LAT1	51.81762	0	0.142081926315406	0	0	5.61996774802592e-06	2.27705890881529e-07
YOL126C	P22133	MDH2	40.7305	0	0.138753086685641	0	0	0.00235723804477824	7.44745076438335e-10
YBL039C	P28274	URA7	64.70953	0	0.133931198022575	0	0	3.38417878748345e-05	0
YJR103W	P38627	URA8	64.50989	0	0.133931198022575	0	0	3.38417878748346e-05	1.88718006386648e-08
YJR095W		SFC1	NaN	0	0.1258125	0	0	0	0
YHR002W		LEU5	NaN	0	0.1258125	0	0	0	0
YGL080W		MPC1	NaN	0	0.119102618071537	0	0	0	0
YGR243W		MPC3	NaN	0	0.119102618071537	0	0	0	0
YHR162W		MPC2	NaN	0	0.119102618071537	0	0	0	0
YCR048W	P25628	ARE1	71.61215	0	0.114117492005458	0	0	0.00134071367167241	1.02030632497861e-11
YDR503C	Q04396	LPP1	31.58604	0	0.107871341829191	0	0	1.87047305669998e-05	4.9474106999704e-10
YNR019W	P53629	ARE2	74.022	0	0.107676212120836	0	0	0.00129706647455709	0
YOR222W		ODC2	NaN	0	0.100389600907664	0	0	0	0
YPL134C		ODC1	NaN	0	0.100389600907664	0	0	0	0
YPR021C		AGC1	NaN	0	0.097624001144424	0	0	0	0
YOR245C	Q08650	DGA1	47.71075	0	0.0852643181812546	0	0	5.43416393222068e-05	0
YER069W	Q01217	ARG5,6	94.86823	0	0.0753127384427565	0	3.1816808191818e-07	0.000104637555135503	3.1816808191818e-07
YMR062C	Q04728	ARG7	47.84821	0	0.0753127384427565	0	6.98201444795891e-08	0.00200665428460548	6.98201444795891e-08
YOL140W	P18544	ARG8	46.68082	0	0.0753127384427565	0	7.90287181270117e-07	0.000259905764288129	7.90287181270117e-07
YOR130C		ORT1	NaN	0	0.0753127384427565	0	0	0	0
YER053C		PIC2	NaN	0	0.070694217074479	0	0	0	0
YJR077C		MIR1	NaN	0	0.070694217074479	0	0	0	0
YKL085W	P17505	MDH1	35.64959	0	0.0594608909188926	0	0	0.0026932099351438	1.06249485627562e-08
YAL062W	P39708	GDH3	49.62653	0	0.0536501174453011	0	0	4.02362523218172e-05	0
YOR375C	P07262	GDH1	49.56931	0	0.0536501174453011	0	0	4.0236773631386e-05	6.95330056758983e-07
YLR295C	Q12349	ATP14	14.12765	0	0.0525480669544604	0	7.9729720344209e-07	2.5045682654494e-05	2.45895672437763e-06
YOL077W-A	P81451	ATP19	7.53367	0	0.0525480669544603	0	7.9729720344209e-07	2.5045682654494e-05	2.45895672437763e-06
Q0080	P00856	ATP8	5.82221	0	0.0525480669544603	0	7.9729720344209e-07	2.5045682654494e-05	2.45895672437763e-06
Q0085	P00854	ATP6	29.09876	0	0.0525480669544603	0	7.9729720344209e-07	2.5045682654494e-05	2.45895672437763e-06
Q0130	P61829	OLI1	7.75937	0	0.0525480669544603	0	7.97297203442108e-06	0.000250456826544937	2.45895672437763e-05
YBL099W	P07251	ATP1	58.60746	0	0.0525480669544603	0	2.45322825825373e-07	7.51371561610553e-05	7.56603948442719e-07
YBR039W	P38077	ATP3	34.35021	0	0.0525480669544603	0	7.9729720344209e-07	2.5045682654494e-05	2.45895672437763e-06
YDL004W	Q12165	ATP16	17.02022	0	0.0525480669544603	0	7.9729720344209e-07	2.5045682654494e-05	2.45895672437763e-06
YDR298C	P09457	ATP5	22.81414	0	0.0525480669544603	0	7.9729720344209e-07	2.5045682654494e-05	2.45895672437763e-06
YDR322C-A	P81449	TIM11	10.87534	0	0.0525480669544603	0	7.9729720344209e-07	2.5045682654494e-05	2.45895672437763e-06
YDR377W	Q06405	ATP17	11.312	0	0.0525480669544603	0	7.9729720344209e-07	2.5045682654494e-05	2.45895672437763e-06
YJR121W	P00830	ATP2	54.7932	0	0.0525480669544603	0	2.45322825825373e-07	7.51371561610553e-05	7.56603948442719e-07
YKL016C	P30902	ATP7	19.80938	0	0.0525480669544603	0	7.9729720344209e-07	2.5045682654494e-05	2.45895672437763e-06
YML081C-A	P81450	ATP18	6.68769	0	0.0525480669544603	0	7.9729720344209e-07	2.5045682654494e-05	2.45895672437763e-06
YPL078C	P05626	ATP4	26.92481	0	0.0525480669544603	0	7.9729720344209e-07	2.5045682654494e-05	2.45895672437763e-06
YPL271W	P21306	ATP15	6.7425	0	0.0525480669544603	0	7.9729720344209e-07	2.5045682654494e-05	2.45895672437763e-06
YPR020W	Q12233	ATP20	12.92094	0	0.0525480669544603	0	7.9729720344209e-07	2.5045682654494e-05	2.45895672437763e-06
YML120C	P32340	NDI1	57.24915	0	0.0427210911876523	0	0	9.85049212497064e-05	4.16218484630803e-08
YFL018C	P09624	LPD1	54.00934	0	0.0383277912404688	0	0	4.81283315369084e-05	2.27727103652271e-07
YGR208W	P42941	SER2	34.20684	0	0.014031464787971	0	0	1.15759765914765e-06	5.97941632556238e-09
YER081W	P40054	SER3	51.1927	0	0.014031464787971	0	0	2.99262926307574e-06	0
YIL074C	P40510	SER33	51.18777	0	0.014031464787971	0	0	2.99262926307574e-06	1.5458027340484e-08
YOR184W	P33330	SER1	43.41501	0	0.014031464787971	0	0	0.000373777108544049	1.93069580465929e-06
YLR058C	P37291	SHM2	52.21793	0	0.00447722515586604	0	0	0.00183886072043867	1.91322159102167e-07
YGR204W	P07245	ADE3	102.20412	0	0.00176964418511247	0	1.93428492597764e-09	0.000939438288795395	3.86856985195469e-09
YBR263W	P37292	SHM1	53.68589	0	0.000112011793321234	0	0	0.001788394575373	2.20700438594076e-09
YAL044C	P39726	GCV3	18.79276	0	5.60058439836296e-05	0	0	1.86743118113274e-06	2.12127707419e-11
YDR019C	P48015	GCV1	44.46849	0	5.60058439836296e-05	0	0	1.86743118113274e-06	2.12127707419e-11
YMR189W	P49095	GCV2	114.45033	0	5.60058439836296e-05	0	0	1.86743118113274e-06	2.12127707419e-11
YCL040W	P17709	GLK1	55.37689	0	0	0	0	5.70964642869407e-06	0
YDL066W	P21954	IDP1	48.18986	0	0	0	0	1.27253236922028e-05	0
YDR148C	P19262	KGD2	50.43011	0	0	0	0	4.74785422849958e-05	0
YER070W	P21524	RNR1	99.56021	0	0	0	0	0.000147641374588698	0
YFR053C	P04806	HXK1	53.73784	0	0	0	0	5.70964642613686e-06	0
YGL253W	P04807	HXK2	53.9419	0	0	0	0	1.23476123468636e-05	0
YGR180C	P49723	RNR4	40.05407	0	0	0	0	0.000147641374588698	0
YIL066C	P21672	RNR3	97.51369	0	0	0	0	0.000147641374588693	0
YIL125W	P20967	KGD1	114.41496	0	0	0	0	4.74785422849958e-05	0
YJL026W	P09938	RNR2	46.14681	0	0	0	0	0.000147641374588699	0
YLR438W	P07991	CAR2	46.08557	0	0	0	0	4.12562572175784e-06	0
YMR246W	P47912	FAA4	77.26612	0	0	0	0	0.00124261169796037	0
YMR267W	P28239	PPA2	35.57213	0	0	0	0	7.13862600061387e-06	0
YOR317W	P30624	FAA1	77.86529	0	0	0	0	0.00123304937746581	0
YOR388C	Q08911	FDH1	41.7138	0	0	0	0	1.26721191374605e-05	0
YLR446W	Q06204	YLR446W	48.96875	0	0	0	0	0.000936789995038809	0
