genes	enzymes	shortNames	MWs	actions	k_scores	OE	minUsage	maxUsage	pUsage	foldChange	unique	conectivity	groups	priority
YDR226W	P07170	ADK1	24.2546	deletion	0.112350611782239	0	0	5.50577962466835e-05	0	1.000001000001	1	4	0	1
YNR019W	P53629	ARE2	74.022	deletion	0.107676198292735	0	0	0.00132112782022279	0	1.000001000001	1	84	0	1
YOR245C	Q08650	DGA1	47.71075	deletion	0.085264297439103	0	0	6.27490442885815e-05	0	1.000001000001	1	122	0	1
YJR130C	P47164	STR2	72.34965	deletion	0.0131263247366666	0	0	0.00135166541881641	0	1.000001000001	1	11	0	1
YLR153C	P52910	ACS2	75.49079	deletion	0.00136298552175205	0	0	2.61802095848124e-05	0	1.000001000001	1	13	0	1
YPL061W	P54115	ALD6	54.41344	deletion	0.00136298552175205	0	0	4.28231212703713e-05	0	1.000001000001	1	8	0	1
YKL085W	P17505	MDH1	35.64959	deletion	1.28837321380084e-06	0	0	0.00274315904689419	0	1.000001000001	1	5	0	1
YBR263W	P37292	SHM1	53.68589	deletion	0	0	0	0.0018215681153074	0	1.000001000001	1	5	0	1
YCL009C	P25605	ILV6	33.98652	deletion	0	0	0	1.87228896225922e-05	0	1.000001000001	1	8	0	1
YCL018W	P04173	LEU2	38.95257	deletion	0	0	0	1.23141479362856e-05	0	1.000001000001	1	5	0	1
YCL040W	P17709	GLK1	55.37689	deletion	0	0	0	8.19765248940318e-06	0	1.000001000001	1	6	0	1
YCL050C	P16550	APA1	36.49211	deletion	0	0	0	7.68791243568148e-06	0	1.000001000001	1	9	0	1
YCR053W	P16120	THR4	57.47349	deletion	0	0	0	1.67935179698028e-07	0	1.000001000001	1	6	0	1
YDL066W	P21954	IDP1	48.18986	deletion	0	0	0	1.53284615115718e-05	0	1.000001000001	1	5	0	1
YDL131W	Q12122	LYS21	48.59372	deletion	0	0	0	0.000167115558577454	0	1.000001000001	1	6	0	1
YDR158W	P13663	HOM2	39.54334	deletion	0	0	0	3.60999230187763e-06	0	1.000001000001	1	6	0	1
YDR234W	P49367	LYS4	75.14989	deletion	0	0	0	0.00130129943930161	0	1.000001000001	1	6	0	1
YDR300C	P32264	PRO1	47.16164	deletion	0	0	0	8.57753317047126e-05	0	1.000001000001	1	4	0	1
YDR353W	P29509	TRR1	34.23767	deletion	0	0	0	2.38208437549257e-05	0	1.000001000001	1	6	0	1
YER023W	P32263	PRO3	30.13145	deletion	0	0	0	1.42896999686976e-06	0	1.000001000001	1	6	0	1
YER069W	Q01217	ARG5,6	94.86823	deletion	0	0	0	0.000131546323020179	0	1.000001000001	1	9	0	1
YER091C	P05694	MET6	85.85892	deletion	0	0	0	5.49715313749632e-05	0	1.000001000001	1	7	0	1
YER152C	P10356	YER152C	49.48976	deletion	0	0	0	0.00197601369894724	0	1.000001000001	1	6	0	1
YGL009C	P07264	LEU1	85.79356	deletion	0	0	0	0.00113985801660697	0	1.000001000001	1	4	0	1
YGR208W	P42941	SER2	34.20684	deletion	0	0	0	1.66129194724623e-06	0	1.000001000001	1	4	0	1
YHR208W	P38891	BAT1	43.59553	deletion	0	0	0	0.00224317929048088	0	1.000001000001	1	16	0	1
YJL088W	P05150	ARG3	37.84479	deletion	0	0	0	5.48511529758156e-06	0	1.000001000001	1	5	0	1
YJR016C	P39522	ILV3	62.86049	deletion	0	0	0	6.10299918394377e-06	0	1.000001000001	1	5	0	1
YJR148W	P47176	BAT2	41.62419	deletion	0	0	0	0.00234941509221994	0	1.000001000001	1	14	0	1
YKL001C	Q02196	MET14	23.06018	deletion	0	0	0	0.000167736150603163	0	1.000001000001	1	5	0	1
YKL029C	P36013	MAE1	74.37529	deletion	0	0	0	3.04052784005673e-05	0	1.000001000001	1	7	0	1
YLR043C	P22217	TRX1	11.23485	deletion	0	0	0	0.000232901158063939	0	1.000001000001	1	23	0	1
YLR174W	P41939	IDP2	46.56172	deletion	0	0	0	0.00210027818482056	0	1.000001000001	1	5	0	1
YLR304C	P19414	ACO1	85.36736	deletion	0	0	0	0.0011455488013543	0	1.000001000001	1	8	0	1
YMR062C	Q04728	ARG7	47.84821	deletion	0	0	0	0.00204380778589977	0	1.000001000001	1	9	0	1
YMR246W	P47912	FAA4	77.26612	deletion	0	0	0	0.00126566281376865	0	1.000001000001	1	48	0	1
YNR001C	P00890	CIT1	53.35945	deletion	0	0	0	5.86428064422382e-06	0	1.000001000001	1	7	0	1
YOL064C	P32179	MET22	39.14886	deletion	0	0	0	7.43519748937489e-05	0	1.000001000001	1	4	0	1
YOR184W	P33330	SER1	43.41501	deletion	0	0	0	0.000536415131214478	0	1.000001000001	1	4	0	1
YOR317W	P30624	FAA1	77.86529	deletion	0	0	0	0.00125592310740381	0	1.000001000001	1	52	0	1
YOR388C	Q08911	FDH1	41.7138	deletion	0	0	0	1.94476144349789e-05	0	1.000001000001	1	4	0	1
YPR001W	P43635	CIT3	53.81073	deletion	0	0	0	5.86428064422383e-06	0	1.000001000001	1	9	0	1
YLR446W	Q06204	YLR446W	48.96875	deletion	0	0	0	0.00134500076857376	0	1.000001000001	1	20	0	1
YJL200C	P39533	ACO2	86.58224	deletion	0	0	0	0.00112947606721703	0	1.000001000001	1	7	0	1
YGR254W	P00924	ENO1	46.81564	OE	3.72575411249349	2	0	0.00209116530228446	2.27777850693499e-06	1.000001000001	0	5	6	2
YJL052W	P00360	TDH1	35.74956	OE	1.29709992964493	2	0	0.00275355091315473	1.80651242743138e-05	1.000001000001	0	8	7	2
YLR354C	P15019	TAL1	37.0359	OE	1.28483111518823	2	0	0.00264393109969101	3.45192250997286e-06	1.000001000001	0	6	8	2
YER053C		PIC2	NaN	deletion	0.0808230487790275	0	NaN	NaN	NaN	1.000001000001	0	4	9	2
YJR077C		MIR1	NaN	deletion	0.0808230487790275	0	NaN	NaN	NaN	1.000001000001	0	4	9	2
YGL080W		MPC1	NaN	deletion	0.0194978150208392	0	NaN	NaN	NaN	1.000001000001	0	4	12	2
YGR243W		MPC3	NaN	deletion	0.0194978150208392	0	NaN	NaN	NaN	1.000001000001	0	4	12	2
YHR162W		MPC2	NaN	deletion	0.0194978150208392	0	NaN	NaN	NaN	1.000001000001	0	4	12	2
YOR222W		ODC2	NaN	deletion	4.57448155488406e-07	0	NaN	NaN	NaN	1.000001000001	0	6	13	2
YPL134C		ODC1	NaN	deletion	4.57448155488406e-07	0	NaN	NaN	NaN	1.000001000001	0	6	13	2
YAL044C	P39726	GCV3	18.79276	deletion	0	0	0	2.92352245390071e-06	0	1.000001000001	0	18	14	2
YAL062W	P39708	GDH3	49.62653	deletion	0	0	0	4.96919266475322e-05	0	1.000001000001	0	8	15	2
YBR218C	P32327	PYC2	130.16549	deletion	0	0	0	6.74038835590268e-05	0	1.000001000001	0	8	17	2
YDR148C	P19262	KGD2	50.43011	deletion	0	0	0	7.56983365512096e-05	0	1.000001000001	0	11	18	2
YDR384C		ATO3	NaN	deletion	0	0	NaN	NaN	NaN	1.000001000001	0	2	19	2
YER070W	P21524	RNR1	99.56021	deletion	0	0	0	0.000246469332357721	0	1.000001000001	0	24	20	2
YFR053C	P04806	HXK1	53.73784	deletion	0	0	0	8.19765248940316e-06	0	1.000001000001	0	12	22	2
YGL062W	P11154	PYC1	130.09827	deletion	0	0	0	6.74038835590258e-05	0	1.000001000001	0	8	17	2
YGL184C	P53101	STR3	51.82796	deletion	0	0	0	0.00117065546302397	0	1.000001000001	0	6	24	2
YGL253W	P04807	HXK2	53.9419	deletion	0	0	0	1.77281441812997e-05	0	1.000001000001	0	12	22	2
YGR121C		MEP1	NaN	deletion	0	0	NaN	NaN	NaN	1.000001000001	0	2	19	2
YGR180C	P49723	RNR4	40.05407	deletion	0	0	0	0.000246469332357723	0	1.000001000001	0	24	20	2
YIL066C	P21672	RNR3	97.51369	deletion	0	0	0	0.000246469332357721	0	1.000001000001	0	24	20	2
YJL026W	P09938	RNR2	46.14681	deletion	0	0	0	0.000246469332357723	0	1.000001000001	0	24	20	2
YLR155C	P0CZ17	ASP3-1	38.6862	deletion	0	0	0	0.000320905836474817	0	1.000001000001	0	5	25	2
YLR157C	P0CX77	ASP3-2	38.6862	deletion	0	0	0	0.000320905836474817	0	1.000001000001	0	5	25	2
YLR158C	P0CX78	ASP3-3	38.6862	deletion	0	0	0	0.000320905836474817	0	1.000001000001	0	5	25	2
YLR160C	P0CX79	ASP3-4	38.6862	deletion	0	0	0	0.000320905836474817	0	1.000001000001	0	5	25	2
YNL142W		MEP2	NaN	deletion	0	0	NaN	NaN	NaN	1.000001000001	0	2	19	2
YOR375C	P07262	GDH1	49.56931	deletion	0	0	0	4.96925704668582e-05	0	1.000001000001	0	8	15	2
YPR138C		MEP3	NaN	deletion	0	0	NaN	NaN	NaN	1.000001000001	0	2	19	2
YFR055W	P43623	IRC7	36.97108	deletion	0	0	0	0.00135149542930768	0	1.000001000001	0	6	24	2
