genes	enzymes	shortNames	MWs	actions	k_scores	OE	minUsage	maxUsage	pUsage	foldChange	unique	conectivity	groups	priority
YDR380W	Q06408	ARO10	71.38357	OE	1000	2	4.92874635540713e-08	4.92875145819202e-08	4.92874635540713e-08	1.000001000001	1	4	0	1
YNL316C	P32452	PHA2	38.22484	OE	31.6634628247906	2	2.93468108036014e-08	2.93468409132015e-08	2.93468108036014e-08	1.000001000001	1	5	0	1
ARO7T226I	P32178ly	ARO7T226I	29.7468	OE	18.0388311363541	2	0.00184150931649784	0.00184151657905364	0.00184150931649784	1.00000100000099	1	2	0	1
YDR127W	P08566	ARO1	174.75305	OE	16.1169142027018	2	5.33589704803278e-06	7.24242668216821e-06	5.33589704803278e-06	1.000001000001	1	14	0	1
YGL148W	P28777	ARO2	40.83793	OE	16.1169142027018	2	6.57414128639602e-05	6.57416716446844e-05	6.57414128639602e-05	1.00000100000099	1	3	0	1
ARO4K229L	P32449ly	ARO4K229L	39.7487	OE	16.1169142027018	2	0.000531305426768652	0.000531307518168841	0.000531305426768652	1.00000100000099	1	5	0	1
YOR095C	Q12189	RKI1	28.25777	OE	4.15814394977981	2	5.77996477994569e-06	0.000452790025207463	5.78099351195924e-06	1.000001000001	1	2	0	1
YNL241C	P11412	ZWF1	57.5209	OE	2.5185806865503	2	7.61038798304611e-08	7.61533147155554e-08	7.61506948040166e-08	1.000001000001	1	5	0	1
YOR317W	P30624	FAA1	77.86529	deletion	0.1441125	0	0	0.000162314786518512	0	1.000001000001	1	52	0	1
YDL052C	P33333	SLC1	33.88654	deletion	0.119562491612268	0	0	1.56313708896167e-06	0	1.000001000001	1	28	0	1
YOL086C	P00330	ADH1	36.84874	OE	1000	2	0	4.72527637729942e-05	1.24861584325906e-07	1.00000100000099	0	21	1	2
YPR074C	P23254	TKL1	73.80488	OE	30.6857549279657	2	0	0.000171975974198182	8.28912265223462e-07	1.00000100000102	0	10	2	2
YFR053C	P04806	HXK1	53.73784	OE	2.86464245387447	2	0	9.5108924634735e-07	2.07625355861433e-09	1.000001000001	0	12	3	2
YHR163W	P38858	SOL3	27.78417	OE	2.5185806865503	2	0	4.8189872233989e-06	4.81882143520686e-06	1.000001000001	0	5	4	2
YHR183W	P38720	GND1	53.54274	OE	2.5185806865503	2	0	1.32389694066386e-06	1.3238513944818e-06	1.00000100000099	0	6	5	2
YGR254W	P00924	ENO1	46.81564	OE	1.32947131758611	2	0	0.00027103246537997	1.2187320121448e-06	1.000001000001	0	5	6	2
YOR222W		ODC2	NaN	deletion	0.147855109903612	0	0	0	0	1.000001000001	0	6	9	2
YBR218C	P32327	PYC2	130.16549	deletion	0.151568668111332	0	0	3.21602549044909e-07	0	1.00000100000099	0	8	7	3
YBL039C	P28274	URA7	64.70953	deletion	0.151478715891242	0	0	2.16372469725508e-08	0	1.00000100000099	0	12	8	3
YER070W	P21524	RNR1	99.56021	deletion	0.144112500000001	0	0	2.529744001286e-07	0	1.00000100000101	0	24	10	3
YIL066C	P21672	RNR3	97.51369	deletion	0.144112500000001	0	0	2.52974400129257e-07	0	1.000001000001	0	24	10	3
YJL026W	P09938	RNR2	46.14681	deletion	0.144112500000001	0	0	2.52974400128547e-07	0	1.00000100000099	0	24	10	3
