genes	enzymes	shortNames	MWs	actions	k_scores	OE	minUsage	maxUsage	pUsage	foldChange	unique	conectivity	groups	priority
YGR155W	P32582	CYS4	56.02121	2	1000	2	3.0562566991144e-08	3.1440331345546e-08	3.07447160076225e-08	1.00000972874183	1	4	0	1
YNL241C	P11412	ZWF1	57.5209	2	1000	2	1.76611667624682e-09	2.13182079305667e-09	1.9228680960926e-09	1.00000156044589	1	5	0	1
PAL	P45730	PAL	77.919	2	1000	2	2.7786033518459e-08	2.7786033518459e-08	2.7786033518459e-08	1.00001197248171	1	3	0	1
C4H	C0LUU6	C4H	58.011	2	1000	2	3.77807625096475e-09	3.77807625096476e-09	3.77807625096475e-09	1.0000021106512	1	7	0	1
4CL	C0LUU7	4CL	60.994	2	1000	2	6.01310975217487e-06	6.01310975217488e-06	6.01310975217487e-06	1.00186320816331	1	6	0	1
CHS	Q6X0M9	CHS	42.488	2	1000	2	0.000101882122901016	0.000101882122901016	0.000101882122901016	1.02243113633778	1	6	0	1
CHI	C0LUV0	CHI	24.679	2	1000	2	4.37113186277713e-09	4.37113186277714e-09	4.37113186277713e-09	1.0000015466115	1	3	0	1
F3H	Q53B69	F3H	42.673	2	1000	2	0.00220065385466195	0.00220065385466195	0.00220065385466195	1.90795536447146	1	6	0	1
F3"H	Q8W3Y5	F3"H	56.982	2	1000	2	4.89034189924878e-08	4.89034189924879e-08	4.89034189924878e-08	1.00001512258102	1	7	0	1
FLS	C0LUV3	FLS	40.041	2	1000	2	1.56741727540025e-07	1.56741727540025e-07	1.56741727540025e-07	1.00003280797668	1	10	0	1
YDR380W	Q06408	ARO10	71.38357	2	80.6690789491836	2	6.1915208718551e-09	6.88555579263788e-09	6.8835075025657e-09	1.00000349014526	1	4	0	1
YOR283W	Q12040	YOR283W	26.17622	2	3.49432816615898	2	6.24340641082773e-07	6.35283996816692e-07	6.31514960990506e-07	1.00008477671292	1	4	0	1
YCR012W	P00560	PGK1	44.73787	2	1.2519480620015	2	9.80076859128952e-07	9.8234359991243e-07	9.80158973151802e-07	1.00022323143966	1	4	0	1
YDR050C	P00942	TPI1	26.79508	2	1.24942774730233	2	3.03362336462413e-08	3.40233016504284e-08	3.03413211630748e-08	1.00000512015197	1	2	0	1
YMR205C	P16862	PFK2	104.61673	2	1.23838069035332	2	7.34089630448474e-07	7.37403738580939e-07	7.37310454094032e-07	1.00039191840718	1	9	0	1
YDR516C	Q04409	EMI2	55.92028	2	1.00082615253837	2	1.85761224486617e-07	1.86184903921009e-07	1.86178e-07	1.00005376313968	1	4	0	1
YDR226W	P07170	ADK1	24.2546	0	0.11849625805125	0	0	6.44243282436538e-08	0	1.00001683826529	1	4	0	1
YPR035W	P32288	GLN1	41.7656	0	0.0356170864169702	0	0	6.51767148205889e-10	0	1.00000127581779	1	7	0	1
YJR130C	P47164	STR2	72.34965	0	0.0131263247366666	0	0	2.24649124263128e-09	0	1.00000264732466	1	11	0	1
YLR153C	P52910	ACS2	75.49079	0	0.0121039196096264	0	0	2.64668329783211e-10	0	1.00000120241922	1	13	0	1
YKL085W	P17505	MDH1	35.64959	0	8.57015911584492e-07	0	0	2.7415626982843e-09	0	1.00000199054413	1	5	0	1
YBR263W	P37292	SHM1	53.68589	0	0	0	0	2.84003901085526e-09	0	1.00000253606661	1	5	0	1
YCL009C	P25605	ILV6	33.98652	0	0	0	0	6.98365905244666e-10	0	1.00000124047969	1	8	0	1
YCL018W	P04173	LEU2	38.95257	0	0	0	0	3.30269136763728e-10	0	1.00000113030016	1	5	0	1
YCL040W	P17709	GLK1	55.37689	0	0	0	0	2.16673188203666e-09	0	1.0000022160816	1	6	0	1
YCL050C	P16550	APA1	36.49211	0	0	0	0	3.80393052713741e-11	0	1.00000101397317	1	9	0	1
YCR053W	P16120	THR4	57.47349	0	0	0	0	1.51275492697533e-12	0	1.00000100078439	1	6	0	1
YDL066W	P21954	IDP1	48.18986	0	0	0	0	1.87124604215067e-10	0	1.00000109130397	1	5	0	1
YDL131W	Q12122	LYS21	48.59372	0	0	0	0	9.39244779320238e-10	0	1.00000146252112	1	6	0	1
YDR158W	P13663	HOM2	39.54334	0	0	0	0	5.29276803472056e-11	0	1.000001021117	1	6	0	1
YDR234W	P49367	LYS4	75.14989	0	0	0	0	1.31309214764308e-09	0	1.00000200010377	1	6	0	1
YDR300C	P32264	PRO1	47.16164	0	0	0	0	5.52461535648321e-10	0	1.00000125463496	1	4	0	1
YDR353W	P29509	TRR1	34.23767	0	0	0	0	1.10683743215083e-09	0	1.0000013840096	1	6	0	1
YER023W	P32263	PRO3	30.13145	0	0	0	0	9.04597192694984e-12	0	1.00000100266587	1	6	0	1
YER052C	P10869	HOM3	58.10913	0	0	0	0	4.38334800511258e-11	0	1.00000102572062	1	4	0	1
YER069W	Q01217	ARG5,6	94.86823	0	0	0	0	4.15505793636648e-10	0	1.00000139944423	1	9	0	1
YER091C	P05694	MET6	85.85892	0	0	0	0	1.1187875930825e-09	0	1.00000196417942	1	7	0	1
YER152C	P10356	YER152C	49.48976	0	0	0	0	1.9748637801467e-09	0	1.0000019905436	1	6	0	1
YGL009C	P07264	LEU1	85.79356	0	0	0	0	1.14971536028757e-09	0	1.00000199033295	1	4	0	1
YGR208W	P42941	SER2	34.20684	0	0	0	0	6.64040755987384e-12	0	1.00000100220549	1	4	0	1
YHR025W	P17423	THR1	38.71215	0	0	0	0	1.543330155848e-10	0	1.00000106046089	1	5	0	1
YIL094C	P40495	LYS12	40.06854	0	0	0	0	3.40929479767455e-11	0	1.00000100438964	1	6	0	1
YIR034C	P38998	LYS1	41.46445	0	0	0	0	3.08286429481859e-11	0	1.00000101285983	1	7	0	1
YJL088W	P05150	ARG3	37.84479	0	0	0	0	1.68423799291127e-11	0	1.00000100636374	1	5	0	1
YJR016C	P39522	ILV3	62.86049	0	0	0	0	2.96944223718478e-10	0	1.000001189101	1	5	0	1
YJR139C	P31116	HOM6	38.50163	0	0	0	0	4.4661644932078e-10	0	1.00000117419512	1	7	0	1
YKL001C	Q02196	MET14	23.06018	0	0	0	0	8.50120433122751e-10	0	1.00000118924745	1	5	0	1
YLR043C	P22217	TRX1	11.23485	0	0	0	0	1.0683610835695e-09	0	1.00000112156345	1	23	0	1
YLR174W	P41939	IDP2	46.56172	0	0	0	0	2.09905595164416e-09	0	1.00000199054483	1	5	0	1
YLR304C	P19414	ACO1	85.36736	0	0	0	0	1.14511302633944e-09	0	1.0000019907437	1	8	0	1
YLR355C	P06168	ILV5	44.36792	0	0	0	0	1.95383864492639e-09	0	1.00000187856411	1	7	0	1
YMR062C	Q04728	ARG7	47.84821	0	0	0	0	2.04241661992545e-09	0	1.00000199044675	1	9	0	1
YMR108W	P07342	ILV2	74.93608	0	0	0	0	9.22189121909765e-10	0	1.00000170034894	1	8	0	1
YMR246W	P47912	FAA4	77.26612	0	0	0	0	1.35808240510188e-09	0	1.00000206350429	1	48	0	1
YNL104C	P06208	LEU4	68.40819	0	0	0	0	7.5809211221268e-10	0	1.00000151618975	1	13	0	1
YNR001C	P00890	CIT1	53.35945	0	0	0	0	1.61502788919577e-10	0	1.00000108725154	1	7	0	1
YNR050C	P38999	LYS9	48.91735	0	0	0	0	1.76849265021549e-12	0	1.00000100078	1	7	0	1
YOL064C	P32179	MET22	39.14886	0	0	0	0	3.4004790416353e-10	0	1.00000113493543	1	4	0	1
YOL140W	P18544	ARG8	46.68082	0	0	0	0	1.03194323204397e-09	0	1.00000148817068	1	4	0	1
YOR184W	P33330	SER1	43.41501	0	0	0	0	2.12405507853955e-09	0	1.0000019345967	1	4	0	1
YOR317W	P30624	FAA1	77.86529	0	0	0	0	1.34699377406356e-09	0	1.00000206300056	1	52	0	1
YOR323C	P54885	PRO2	49.73991	0	0	0	0	7.06608000570787e-11	0	1.00000102616777	1	6	0	1
YOR388C	Q08911	FDH1	41.7138	0	0	0	0	1.74123077213111e-09	0	1.00000173620752	1	4	0	1
YPR001W	P43635	CIT3	53.81073	0	0	0	0	1.61360252049852e-10	0	1.00000108791253	1	9	0	1
YPR167C	P18408	MET16	30.3799	0	0	0	0	1.06872332936234e-09	0	1.00000131963379	1	7	0	1
YLR446W	Q06204	YLR446W	48.96875	0	0	0	0	1.998433670176e-09	0	1.00000199181327	1	20	0	1
YJL200C	P39533	ACO2	86.58224	0	0	0	0	1.13971166897049e-09	0	1.00000200010437	1	7	0	1
YHR163W	P38858	SOL3	27.78417	2	1000	2	0	1.34900425612854e-07	1.21679231192487e-07	1.000064402635	0	5	2	2
YHR183W	P38720	GND1	53.54274	2	1000	2	0	3.70601829003643e-08	3.34283438512041e-08	1.00001007076813	0	6	3	2
YOL086C	P00330	ADH1	36.84874	2	1000	2	4.85857921764867e-07	4.94418671964926e-07	4.93311508344103e-07	1.00009323915033	0	21	1	2
YAL038W	P00549	CDC19	54.54404	2	3.49432816615898	2	2.11585522605633e-06	2.26771807198444e-06	2.26746722492226e-06	1.00062778920695	0	6	4	2
YGR254W	P00924	ENO1	46.81564	2	3.49432816615898	2	2.08849226699456e-06	2.28926920363589e-06	2.28718153171697e-06	1.00054365614623	0	5	5	2
YJL052W	P00360	TDH1	35.74956	2	1.2519480620015	2	1.81359771181786e-05	1.81424340987961e-05	1.81396999236686e-05	1.00328750915932	0	8	6	2
YLL052C		AQY2	NaN	0	0.101090144221997	0	NaN	NaN	NaN	1.00000099990314	0	2	8	2
YPR192W		AQY1	NaN	0	0.101090144221997	0	NaN	NaN	NaN	1.00000099990314	0	2	8	2
YAL044C	P39726	GCV3	18.79276	0	0.054900000000032	0	0	1.1444587095274e-10	0	1.00000102050114	0	18	9	2
YDR019C	P48015	GCV1	44.46849	0	0.054900000000032	0	0	1.1444587095274e-10	0	1.00000104092564	0	18	9	2
YMR189W	P49095	GCV2	114.45033	0	0.054900000000032	0	0	1.1444587095274e-10	0	1.00000113146538	0	18	9	2
YOR222W		ODC2	NaN	0	0.0483623912953616	0	NaN	NaN	NaN	1.00000099990314	0	6	10	2
YPL134C		ODC1	NaN	0	0.0483623912953616	0	NaN	NaN	NaN	1.00000099990314	0	6	10	2
YER053C		PIC2	NaN	0	0.0214262968397167	0	NaN	NaN	NaN	1.00000099990314	0	4	12	2
YJR077C		MIR1	NaN	0	0.0214262968397167	0	NaN	NaN	NaN	1.00000099990314	0	4	12	2
YGL080W		MPC1	NaN	0	0.00323366085449382	0	NaN	NaN	NaN	1.0000009905434	0	4	13	2
YGR243W		MPC3	NaN	0	0.00323366085449382	0	NaN	NaN	NaN	1.00000099990314	0	4	13	2
YHR162W		MPC2	NaN	0	0.00323366085449382	0	NaN	NaN	NaN	1.00000099990314	0	4	13	2
YAL062W	P39708	GDH3	49.62653	0	0	0	0	1.65072845377121e-09	0	1.00000182087796	0	8	14	2
YBR115C	P07702	LYS2	155.34394	0	0	0	0	1.3898782603192e-11	0	1.00000102178754	0	8	15	2
YBR218C	P32327	PYC2	130.16549	0	0	0	0	2.47694053019305e-10	0	1.00000132669784	0	8	16	2
YDR384C		ATO3	NaN	0	0	0	NaN	NaN	NaN	1.00000099990314	0	2	17	2
YER070W	P21524	RNR1	99.56021	0	0	0	0	9.95727154518633e-10	0	1.0000020047265	0	24	18	2
YER081W	P40054	SER3	51.1927	0	0	0	0	1.71668116973598e-11	0	1.00000100881075	0	6	19	2
YFR053C	P04806	HXK1	53.73784	0	0	0	0	2.26967847306361e-09	0	1.00000223615829	0	12	20	2
YGL062W	P11154	PYC1	130.09827	0	0	0	0	2.4773612904269e-10	0	1.00000132658457	0	8	16	2
YGL125W	P53128	MET13	68.55958	0	0	0	0	2.47109022964093e-11	0	1.00000101717302	0	6	21	2
YGL154C	P50113	LYS5	30.68281	0	0	0	0	1.3898782603192e-11	0	1.00000100422565	0	8	15	2
YGL184C	P53101	STR3	51.82796	0	0	0	0	1.6199037478976e-09	0	1.00000185087832	0	6	22	2
YGL253W	P04807	HXK2	53.9419	0	0	0	0	2.00554273474874e-09	0	1.0000020964362	0	12	20	2
YGR121C		MEP1	NaN	0	0	0	NaN	NaN	NaN	1.00000099990314	0	2	17	2
YGR180C	P49723	RNR4	40.05407	0	0	0	0	2.55433069695548e-09	0	1.00000203692365	0	24	18	2
YIL066C	P21672	RNR3	97.51369	0	0	0	0	1.01693525830912e-09	0	1.00000200503367	0	24	18	2
YIL074C	P40510	SER33	51.18777	0	0	0	0	1.7166826375666e-11	0	1.00000100880991	0	6	19	2
YJL026W	P09938	RNR2	46.14681	0	0	0	0	2.20630202748417e-09	0	1.00000203197848	0	24	18	2
YLR155C	P0CZ17	ASP3-1	38.6862	0	0	0	0	2.08153002284744e-09	0	1.00000181611391	0	5	23	2
YLR157C	P0CX77	ASP3-2	38.6862	0	0	0	0	2.08153002284744e-09	0	1.00000181611391	0	5	23	2
YLR158C	P0CX78	ASP3-3	38.6862	0	0	0	0	2.08153002284744e-09	0	1.00000181611391	0	5	23	2
YLR160C	P0CX79	ASP3-4	38.6862	0	0	0	0	2.08153002284744e-09	0	1.00000181611391	0	5	23	2
YNL037C	P28834	IDH1	39.32357	0	0	0	0	5.52178113034878e-10	0	1.0000012199908	0	5	24	2
YNL142W		MEP2	NaN	0	0	0	NaN	NaN	NaN	1.00000099990314	0	2	17	2
YOR136W	P28241	IDH2	39.73903	0	0	0	0	5.52178113034878e-10	0	1.00000122231607	0	5	24	2
YOR375C	P07262	GDH1	49.56931	0	0	0	0	1.6523247510537e-09	0	1.00000183008235	0	8	14	2
YPL023C	P46151	MET12	73.94088	0	0	0	0	2.44454442074847e-11	0	1.00000101832185	0	6	21	2
YPR138C		MEP3	NaN	0	0	0	NaN	NaN	NaN	1.00000099990314	0	2	17	2
YFR055W	P43623	IRC7	36.97108	0	0	0	0	2.1694122756562e-09	0	1.00000180350083	0	6	22	2
YMR145C	P40215	NDE1	62.77345	0	0.0478379643360615	0	0	8.85034763408939e-08	0	1.00005730240668	0	6	11	3
