genes	enzymes	shortNames	MWs	actions	k_scores	OE	minUsage	maxUsage	pUsage	foldChange	unique	conectivity	groups	priority
YDR007W	P00912	TRP1	24.14425	OE	5.77046947984806	2	6.51589497197588e-08	6.5167508449184e-08	6.51589497197588e-08	1.00000100000101	1	2	0	1
YER090W	P00899	TRP2	56.76706	OE	5.77046947984806	2	7.75167429564478e-06	7.75183540563709e-06	7.75167429564478e-06	1.000001000001	1	6	0	1
YGL026C	P00931	TRP5	76.62516	OE	5.77046947984806	2	5.79564009773368e-09	5.79640136407378e-09	5.79564009773368e-09	1.000001000001	1	5	0	1
YKL211C	P00937	TRP3	53.48881	OE	5.77046947984806	2	8.15671650301356e-06	8.15688603136261e-06	8.15671650301356e-06	1.00000100000101	1	10	0	1
YBR166C	P20049	TYR1	50.92272	OE	4.76622590349304	2	5.09506337484223e-07	5.0952450889785e-07	5.09506337484223e-07	1.000001000001	1	5	0	1
YOR095C	Q12189	RKI1	28.25777	OE	4.3148851347163	2	8.29333999437819e-06	0.00295072520970296	8.29436900620468e-06	1.000001000001	1	2	0	1
YGL148W	P28777	ARO2	40.83793	OE	3.74374341068188	2	3.15784993688378e-05	3.15790486885431e-05	3.15784993688378e-05	1.00000100000101	1	3	0	1
YOL126C	P22133	MDH2	40.7305	OE	3.50360600901397	2	5.55573972369169e-09	0.00204139029928376	5.55598745161345e-09	1.00000100000101	1	5	0	1
YPR060C	P32178	ARO7	29.7468	OE	3.49974498529219	2	6.36490817179572e-08	6.36504055632278e-08	6.36490817179572e-08	1.000001000001	1	2	0	1
YPR035W	P32288	GLN1	41.7656	OE	3.00622170644448	2	6.99886559295163e-07	7.00035010112757e-07	6.99886559295159e-07	1.000001000001	1	7	0	1
YCR053W	P16120	THR4	57.47349	OE	2.77115663676983	2	7.83775818377568e-09	7.83977154662701e-09	7.83929217451846e-09	1.000001000001	1	6	0	1
YDR158W	P13663	HOM2	39.54334	OE	2.77115663676983	2	1.68515319628066e-07	1.68526277585989e-07	1.68515972847371e-07	1.000001000001	1	6	0	1
YER023W	P32263	PRO3	30.13145	OE	2.76750159626847	2	1.84545802183504e-08	1.84579203179517e-08	1.84545802183504e-08	1.000001000001	1	6	0	1
YCL018W	P04173	LEU2	38.95257	OE	2.68216711339185	2	2.47186458103505e-06	2.47188385226874e-06	2.47186458103505e-06	1.00000100000101	1	5	0	1
YNL104C	P06208	LEU4	68.40819	OE	2.68216711339185	2	1.62193057292405e-06	1.62222688010223e-06	1.62221423294101e-06	1.000001000001	1	13	0	1
YNL316C	P32452	PHA2	38.22484	OE	2.53498459302117	2	4.95718211939181e-09	4.95724326349787e-09	4.95718211939181e-09	1.00000100000101	1	5	0	1
YJR016C	P39522	ILV3	62.86049	OE	2.2828671803363	2	1.97559182205653e-06	1.97560099597267e-06	1.97559182205653e-06	1.00000100000101	1	5	0	1
YCL050C	P16550	APA1	36.49211	OE	1.96249184488009	2	3.34614918451641e-08	3.35383304517911e-08	3.35266864744024e-08	1.00000100000101	1	9	0	1
YKL001C	Q02196	MET14	23.06018	OE	1.96249184488009	2	7.31490814586194e-07	7.31744864822212e-07	7.31490814586193e-07	1.000001000001	1	5	0	1
YOL064C	P32179	MET22	39.14886	OE	1.96249184488009	2	2.92586382218841e-07	2.92709888187981e-07	2.92596094098139e-07	1.000001000001	1	4	0	1
YBR248C	P33734	HIS7	61.06729	OE	1.8369176970162	2	2.53679848949093e-08	2.53691662626332e-08	2.53679848949093e-08	1.000001000001	1	6	0	1
YCL030C	P00815	HIS4	87.72027	OE	1.8369176970162	2	1.0247101886313e-07	1.02475790860409e-07	1.0247101886313e-07	1.000001000001	1	10	0	1
YER055C	P00498	HIS1	32.26611	OE	1.8369176970162	2	1.29659177594947e-06	1.29665215724062e-06	1.29659177594947e-06	1.000001000001	1	4	0	1
YIL020C	P40545	HIS6	29.55623	OE	1.8369176970162	2	1.0939962390175e-07	1.09404718558896e-07	1.0939962390175e-07	1.00000100000101	1	5	0	1
YOR202W	P06633	HIS3	23.83295	OE	1.8369176970162	2	3.50078897308241e-09	3.50095196493154e-09	3.50078897308241e-09	1.000001000001	1	3	0	1
YKL085W	P17505	MDH1	35.64959	OE	1.75747173692519	2	2.71095231175799e-07	0.00233260084801156	2.71136407105458e-07	1.00000100000101	1	5	0	1
YJL088W	P05150	ARG3	37.84479	OE	1.59193996705039	2	9.06022190281254e-08	9.06121314038204e-08	9.06022190281254e-08	1.00000100000101	1	5	0	1
YIR034C	P38998	LYS1	41.46445	OE	1.43443121877156	2	6.39483324866468e-07	6.39491291847398e-07	6.39483324866468e-07	1.000001000001	1	7	0	1
YNR050C	P38999	LYS9	48.91735	OE	1.43443121877156	2	3.66790780074438e-08	3.66795349724701e-08	3.66790780074438e-08	1.00000100000101	1	7	0	1
YIL094C	P40495	LYS12	40.06854	OE	1.43443121877156	2	7.07195309770673e-07	7.07204120339036e-07	7.07195309770673e-07	1.000001000001	1	6	0	1
YNL220W	P80210	ADE12	48.27868	OE	1.21758929331456	2	6.89937610263055e-07	6.90454857149742e-07	6.89937610263083e-07	1.000001000001	1	7	0	1
YNR019W	P53629	ARE2	74.022	deletion	0.107676211967573	0	0	0.00112326905525148	0	1.00000100000101	1	84	0	1
YHR163W	P38858	SOL3	27.78417	OE	6.39280388813599	2	0	1.92942142067575e-05	1.92940484185693e-05	1.000001000001	0	5	2	2
YHR183W	P38720	GND1	53.54274	OE	6.39280388813599	2	0	5.30060570338698e-06	5.30056015720076e-06	1.000001000001	0	6	3	2
YBR249C	P32449	ARO4	39.74874	OE	3.74374341068188	2	0	2.25195009435123e-07	2.25191092152547e-07	1.000001000001	0	12	5	2
YGL154C	P50113	LYS5	30.68281	OE	1.43443121877156	2	2.88304604360356e-07	2.88308196193309e-07	2.88304604360356e-07	1.000001000001	0	8	12	2
YER099C	P38620	PRS2	34.76468	OE	1.2056092148337	2	0	1.40008896599945e-05	1.39970965236648e-05	1.00000100000098	0	6	13	2
YBL039C	P28274	URA7	64.70953	deletion	0.14502120621393	0	0	2.16372853468724e-08	0	1.00000100000099	0	12	16	3
YIL066C	P21672	RNR3	97.51369	deletion	0.130461622729108	0	0	2.52974490378771e-07	0	1.000001000001	0	24	17	3
