genes	enzymes	shortNames	MWs	actions	k_scores	EV_type	OE	minUsage	maxUsage	pUsage	unique	conectivity	groups	priority
YBL098W	P38169	BNA4	52.42905	2	1000	tightly_const	2	8.72050788355749e-08	8.72050818458249e-08	8.72050788355782e-08	1	7	0	1
YDR300C	P32264	PRO1	47.16164	2	1000	tightly_const	2	2.10047357929943e-07	2.10436514492746e-07	2.10188074822914e-07	1	4	0	1
YDR428C	Q04066	BNA7	29.99102	2	1000	tightly_const	2	1.09954645464197e-09	1.09975602716381e-09	1.09954645464197e-09	1	5	0	1
YEL041W	P32622	YEF1	55.87302	2	1000	essential	2	1.06950233275073e-08	1.25977760185818e-08	1.09954645464197e-08	0	18	2	1
YFR047C	P43619	BNA6	32.36461	2	1000	tightly_const	2	2.95044614815953e-08	2.95044638437657e-08	2.95044614815953e-08	1	12	0	1
YHR074W	P38795	QNS1	80.68505	2	1000	essential	2	2.76604445883016e-08	2.8802707747785e-08	2.76604445883016e-08	1	18	0	1
YJR025C	P47096	BNA1	20.23471	2	1000	tightly_const	2	7.08106310802708e-09	7.08106118487483e-09	7.08106310802708e-09	1	4	0	1
YJR078W	P47125	BNA2	50.77489	2	1000	tightly_const	2	1.47521988759818e-08	1.47706429264705e-08	1.47521988759818e-08	1	3	0	1
YLR231C	Q05979	BNA5	51.03155	2	1000	essential	2	5.05790859298229e-08	5.15769634830309e-08	5.05790859298251e-08	1	7	0	1
YOR323C	P54885	PRO2	49.73991	2	1000	tightly_const	2	2.72283814836428e-08	2.72800453438481e-08	2.72466152002226e-08	1	6	0	1
YJR069C	P47119	HAM1	22.09268	1	1000	essential	2	2.17597511734348e-11	4.41340328442366e-09	1.5728024228112e-10	1	16	0	1
D12D	Q9Y8H5	D12D	46.001	2	1000	tightly_const	2	0.000318648158509368	0.000318648542991149	0.000318648158509368	1	7	0	1
FAD3	D5KSD6	FAD3	47.718	2	1000	tightly_const	2	0.000318648158509368	0.000318648490266699	0.000318648158509368	1	7	0	1
D6D	A0A1Y5I9G7	D6D	51.674	2	1000	tightly_const	2	0.000318648158509368	0.000318648542991149	0.000318648158509368	1	9	0	1
D6E	D5KSD4	D6E	36.746	2	1000	tightly_const	2	0.000318648158509368	0.000318648542991149	0.000318648158509368	1	11	0	1
D5D	HQ678517	D5D	59.89	2	1000	tightly_const	2	0.000318648158509368	0.000318648542991149	0.000318648158509368	1	9	0	1
YLR044C	P06169	PDC1	61.49468	2	12.10272352441	tightly_const	2	9.35433302931212e-07	9.42142590582232e-07	9.37147754908745e-07	0	17	3	1
YAL038W	P00549	CDC19	54.54404	2	2.44996472612009	essential	2	1.90168837071446e-06	2.04649403203142e-06	2.04599036974975e-06	0	6	4	1
YOR283W	Q12040	YOR283W	26.17622	2	2.29530616176331	essential	2	5.72796201740047e-07	5.83222471645295e-07	5.79581469279555e-07	1	4	0	1
YGR254W	P00924	ENO1	46.81564	2	2.29530616176331	essential	2	1.909928125523e-06	2.10124384244225e-06	2.09909204776784e-06	0	5	5	1
YLR354C	P15019	TAL1	37.0359	2	1.26473056012088	tightly_const	2	3.30121588874092e-06	3.30707063170192e-06	3.30291178488673e-06	0	6	6	1
YMR205C	P16862	PFK2	104.61673	2	1.22798971691224	tightly_const	2	6.90877855637315e-07	6.94175628850553e-07	6.93889712393209e-07	1	9	0	1
YDR050C	P00942	TPI1	26.79508	2	1.22751388896368	essential	2	2.85043166587128e-08	3.20131285723496e-08	2.85102839053919e-08	1	2	0	1
YCR012W	P00560	PGK1	44.73787	2	1.22608205869512	tightly_const	2	9.15167578284533e-07	9.17361907069833e-07	9.15263930340002e-07	1	4	0	1
YJL052W	P00360	TDH1	35.74956	2	1.22608205869512	tightly_const	2	1.69351471140776e-05	1.69436383810479e-05	1.69386941323791e-05	0	8	7	1
YBR196C	P12709	PGI1	61.29832	2	1.19335775387998	tightly_const	2	3.78862899956504e-07	3.80396171939493e-07	3.78891872171437e-07	1	2	0	1
YGR010W	P53204	NMA2	44.90875	2	1000	opt_isoenz_tight	2	0	7.34547831238551e-08	7.34547734995816e-08	1	12	0	2
YPL023C	P46151	MET12	73.94088	0	0.293884450454309	subOpt_isoenz	0	0	1.40931820753498e-08	0	0	6	8	2
YDR502C	P19358	SAM2	42.2555	0	0.293827460547136	subOpt_isoenz	0	0	2.22558827929479e-09	0	0	7	9	2
YBR218C	P32327	PYC2	130.16549	0	0.282091917129264	subOpt_isoenz	0	0	5.11507918101411e-07	0	0	8	10	2
YBL039C	P28274	URA7	64.70953	0	0.258201785040243	subOpt_isoenz	0	0	3.67414789396322e-08	0	0	12	12	2
YMR145C	P40215	NDE1	62.77345	0	0.222157327287442	subOpt_isoenz	0	0	8.43387296722906e-08	0	0	6	13	2
YAL062W	P39708	GDH3	49.62653	0	0.126351880344257	subOpt_isoenz	0	0	1.37272186494612e-06	0	0	8	19	2
YER081W	P40054	SER3	51.1927	0	0.0308175003406939	subOpt_isoenz	0	0	2.70131435488441e-08	0	0	6	20	2
YLR438W	P07991	CAR2	46.08557	0	0	subOpt_isoenz	0	0	1.6637908530548e-11	0	1	4	0	2
YMR246W	P47912	FAA4	77.26612	0	0	subOpt_isoenz	0	0	1.30614837767714e-09	0	1	48	0	2
YOR317W	P30624	FAA1	77.86529	0	0	subOpt_isoenz	0	0	1.29566055046076e-09	0	1	52	0	2
YDR452W	Q04119	PPN1	78.34335	1	1000	opt_isoenz	2	0	1.19964311469506e-09	1.59461388661699e-12	1	11	0	3
YOR222W		ODC2	NaN	0	0.266970219136635		0	NaN	NaN	NaN	0	6	11	3
YPL134C		ODC1	NaN	0	0.266970219136635		0	NaN	NaN	NaN	0	6	11	3
YER053C		PIC2	NaN	0	0.155496040249908		0	NaN	NaN	NaN	0	4	18	3
YJR077C		MIR1	NaN	0	0.155496040249908		0	NaN	NaN	NaN	0	4	18	3
YER070W	P21524	RNR1	99.56021	0	0	subOpt_isoenz	0	0	9.60637728043072e-10	0	0	24	22	3
YGR180C	P49723	RNR4	40.05407	0	0	subOpt_isoenz	0	0	2.45490551239284e-09	0	0	24	22	3
YIL066C	P21672	RNR3	97.51369	0	0	subOpt_isoenz	0	0	9.81170493625996e-10	0	0	24	22	3
