genes	enzymes	shortNames	MWs	actions	k_scores	OE	minUsage	maxUsage	pUsage	foldChange	unique	conectivity	groups	priority
YBL098W	P38169	BNA4	52.42905	OE	1000	2	9.5211360019097e-08	9.52113931736734e-08	9.5211360019097e-08	1.00002630531036	1	7	0	1
YDR428C	Q04066	BNA7	29.99102	OE	1000	2	1.20049559897812e-09	1.20208065256981e-09	1.20049559897796e-09	1.00000119180477	1	5	0	1
YFR047C	P43619	BNA6	32.36461	OE	1000	2	3.22132603032288e-08	3.22132798937195e-08	3.22132603032252e-08	1.00000629244963	1	12	0	1
YGR155W	P32582	CYS4	56.02121	OE	1000	2	3.05608190222764e-08	3.14470067268697e-08	3.07447160076225e-08	1.00000973712867	1	4	0	1
YHR074W	P38795	QNS1	80.68505	OE	1000	2	3.01999445806464e-08	3.1434352416438e-08	3.0199944580643e-08	1.00001335704745	1	18	0	1
YJR025C	P47096	BNA1	20.23471	OE	1000	2	7.73117412309852e-09	7.73117031913782e-09	7.73117412309764e-09	1.00000180208606	1	4	0	1
YJR078W	P47125	BNA2	50.77489	OE	1000	2	1.6106595361296e-08	1.61278630678858e-08	1.61065953612942e-08	1.00000515350912	1	3	0	1
YLR231C	Q05979	BNA5	51.03155	OE	1000	2	5.5222741888483e-08	5.63325858147306e-08	5.5222741888477e-08	1.00001528988365	1	7	0	1
YNL241C	P11412	ZWF1	57.5209	OE	1000	2	2.37447188536465e-09	2.74470104807282e-09	2.53373877138419e-09	1.00000174788943	1	5	0	1
D12D	Q9Y8H5	D12D	46.001	OE	1000	2	0.000347903183442617	0.000347903602632295	0.000347903183442617	1.08825551918728	1	7	0	1
FAD3	D5KSD6	FAD3	47.718	OE	1000	2	0.000347903183442617	0.000347903534981763	0.000347903183442617	1.09185221202529	1	7	0	1
D6D	A0A1Y5I9G7	D6D	51.674	OE	1000	2	0.000347903183442617	0.000347903602632295	0.000347903183442617	1.10023024448563	1	9	0	1
D6E	D5KSD4	D6E	36.746	OE	1000	2	0.000347903183442617	0.000347903602632295	0.000347903183442617	1.06926954796085	1	11	0	1
D5D	HQ678517	D5D	59.89	OE	1000	2	0.000347903183442617	0.000347903602632295	0.000347903183442617	1.11804757398832	1	9	0	1
YDR380W	Q06408	ARO10	71.38357	OE	92.4717113347631	2	7.25721244144766e-09	7.95794659619181e-09	7.95594994490425e-09	1.00000388722741	1	4	0	1
YOR283W	Q12040	YOR283W	26.17622	OE	3.50462136590856	2	6.23342813080256e-07	6.34392134939126e-07	6.30586847143522e-07	1.00008465267149	1	4	0	1
YCR012W	P00560	PGK1	44.73787	OE	1.25563277179173	2	9.78640072664492e-07	9.80924308114258e-07	9.78718470279471e-07	1.0002228869132	1	4	0	1
YDR050C	P00942	TPI1	26.79508	OE	1.25226003284653	2	3.02915602845761e-08	3.40140918712788e-08	3.02966967350248e-08	1.00000512304439	1	2	0	1
YMR205C	P16862	PFK2	104.61673	OE	1.24092180664251	2	7.33005683559374e-07	7.36321200707598e-07	7.36227655533626e-07	1.00039130559944	1	9	0	1
YDR516C	Q04409	EMI2	55.92028	OE	1.00082572496374	2	1.85757272117354e-07	1.8618497128078e-07	1.86178e-07	1.00005376601755	1	4	0	1
YDR226W	P07170	ADK1	24.2546	deletion	0.128809645408857	0	0	6.50438614539805e-08	0	1.00001699803115	1	4	0	1
YJR130C	P47164	STR2	72.34965	deletion	0.0131263892455684	0	0	2.27250400342216e-09	0	1.00000267571173	1	11	0	1
YPR035W	P32288	GLN1	41.7656	deletion	0.0109248456862866	0	0	6.58096905839436e-10	0	1.00000128780658	1	7	0	1
YKL085W	P17505	MDH1	35.64959	deletion	4.08493296910736e-07	0	0	2.76818120019885e-09	0	1.00000200942149	1	5	0	1
YBR263W	P37292	SHM1	53.68589	deletion	0	0	0	2.84105157816595e-09	0	1.00000255528257	1	5	0	1
YCL040W	P17709	GLK1	55.37689	deletion	0	0	0	2.1877692134298e-09	0	1.00000223733182	1	6	0	1
YDR234W	P49367	LYS4	75.14989	deletion	0	0	0	1.31316944526397e-09	0	1.0000020096326	1	6	0	1
YDR300C	P32264	PRO1	47.16164	deletion	0	0	0	5.57826870480805e-10	0	1.00000127600621	1	4	0	1
YDR353W	P29509	TRR1	34.23767	deletion	0	0	0	1.10682786507541e-09	0	1.00000139355173	1	6	0	1
YER023W	P32263	PRO3	30.13145	deletion	0	0	0	9.25663826610327e-12	0	1.00000100282772	1	6	0	1
YER091C	P05694	MET6	85.85892	deletion	0	0	0	1.12965291054356e-09	0	1.00000199235375	1	7	0	1
YER152C	P10356	YER152C	49.48976	deletion	0	0	0	1.99403821598544e-09	0	1.00000200951881	1	6	0	1
YGL009C	P07264	LEU1	85.79356	deletion	0	0	0	1.15001012120589e-09	0	1.00000200928292	1	4	0	1
YJL088W	P05150	ARG3	37.84479	deletion	0	0	0	1.70043761485795e-11	0	1.00000101569122	1	5	0	1
YJR139C	P31116	HOM6	38.50163	deletion	0	0	0	4.50953849114936e-10	0	1.00000116568895	1	7	0	1
YLR043C	P22217	TRX1	11.23485	deletion	0	0	0	1.08883326348522e-09	0	1.00000113333599	1	23	0	1
YLR174W	P41939	IDP2	46.56172	deletion	0	0	0	2.11943619980947e-09	0	1.00000200963316	1	5	0	1
YLR304C	P19414	ACO1	85.36736	deletion	0	0	0	1.1559981025783e-09	0	1.00000200949619	1	8	0	1
YLR355C	P06168	ILV5	44.36792	deletion	0	0	0	1.97280894565901e-09	0	1.00000189632987	1	7	0	1
YMR062C	Q04728	ARG7	47.84821	deletion	0	0	0	2.06245067796226e-09	0	1.00000200941967	1	9	0	1
YMR246W	P47912	FAA4	77.26612	deletion	0	0	0	1.37068773867516e-09	0	1.00000208283731	1	48	0	1
YNL104C	P06208	LEU4	68.40819	deletion	0	0	0	7.58288233247676e-10	0	1.00000153521356	1	13	0	1
YNR001C	P00890	CIT1	53.35945	deletion	0	0	0	1.64648132580895e-10	0	1.0000010985343	1	7	0	1
YOL064C	P32179	MET22	39.14886	deletion	0	0	0	3.43350343054473e-10	0	1.00000114539745	1	4	0	1
YOR184W	P33330	SER1	43.41501	deletion	0	0	0	2.14467805187293e-09	0	1.00000195282236	1	4	0	1
YOR317W	P30624	FAA1	77.86529	deletion	0	0	0	1.35949599601122e-09	0	1.00000208221571	1	52	0	1
YOR388C	Q08911	FDH1	41.7138	deletion	0	0	0	1.75813680938057e-09	0	1.00000175275909	1	4	0	1
YPR001W	P43635	CIT3	53.81073	deletion	0	0	0	1.64509480058205e-10	0	1.0000010990986	1	9	0	1
YPR167C	P18408	MET16	30.3799	deletion	0	0	0	1.07901911759075e-09	0	1.0000013417157	1	7	0	1
YLR446W	Q06204	YLR446W	48.96875	deletion	0	0	0	2.01783695299361e-09	0	1.00000201091377	1	20	0	1
YJL200C	P39533	ACO2	86.58224	deletion	0	0	0	1.13949478279787e-09	0	1.0000020092709	1	7	0	1
YEL041W	P32622	YEF1	55.87302	OE	1000	2	1.16775958189573e-08	1.36817542541619e-08	1.20049559897796e-08	1.00000440831002	0	18	2	2
YHR163W	P38858	SOL3	27.78417	OE	1000	2	1.01124896027938e-08	1.73683532135775e-07	1.60335171388572e-07	1.00008159302305	0	5	3	2
YHR183W	P38720	GND1	53.54274	OE	1000	2	0	4.77152327165124e-08	4.40481024419051e-08	1.00001296049543	0	6	4	2
YOL086C	P00330	ADH1	36.84874	OE	1000	2	4.7550576415586e-07	4.84145091188016e-07	4.83032191630552e-07	1.00009131862078	0	21	1	2
YAL038W	P00549	CDC19	54.54404	OE	3.50462136590856	2	2.11106470295225e-06	2.2643905055916e-06	2.26413481340547e-06	1.00062680011197	0	6	6	2
YGR254W	P00924	ENO1	46.81564	OE	3.50462136590856	2	2.08322001019284e-06	2.28592808846061e-06	2.28382014682306e-06	1.00054280113723	0	5	5	2
YJL052W	P00360	TDH1	35.74956	OE	1.25563277179173	2	1.81092817065462e-05	1.81158011251519e-05	1.81130406871988e-05	1.00328227046319	0	8	7	2
YLL052C		AQY2	NaN	deletion	0.104312378864478	0	NaN	NaN	NaN	1.00000100935959	0	2	9	2
YMR189W	P49095	GCV2	114.45033	deletion	0.0549000000000262	0	0	1.15546018852013e-10	0	1.0000011421069	0	18	10	2
YOR222W		ODC2	NaN	deletion	0.0480667951986381	0	NaN	NaN	NaN	1.00000100935959	0	6	12	2
YER053C		PIC2	NaN	deletion	0.0228093013798136	0	NaN	NaN	NaN	1.00000100935959	0	4	13	2
YGL080W		MPC1	NaN	deletion	0.00470900382831706	0	NaN	NaN	NaN	1.00000100949566	0	4	14	2
YGR243W		MPC3	NaN	deletion	0.00470900382831706	0	NaN	NaN	NaN	1.00000100935959	0	4	14	2
YHR162W		MPC2	NaN	deletion	0.00470900382831706	0	NaN	NaN	NaN	1.00000100935959	0	4	14	2
YAL062W	P39708	GDH3	49.62653	deletion	0	0	0	1.66675577989452e-09	0	1.00000184778941	0	8	15	2
YBR218C	P32327	PYC2	130.16549	deletion	0	0	0	2.50099580451727e-10	0	1.00000133942366	0	8	17	2
YDR384C		ATO3	NaN	deletion	0	0	NaN	NaN	NaN	1.00000100935959	0	2	18	2
YER070W	P21524	RNR1	99.56021	deletion	0	0	0	1.00539734667831e-09	0	1.00000202384012	0	24	19	2
YFR053C	P04806	HXK1	53.73784	deletion	0	0	0	2.29150908154103e-09	0	1.00000225748863	0	12	21	2
YGL062W	P11154	PYC1	130.09827	deletion	0	0	0	2.50142065548922e-10	0	1.0000013393093	0	8	17	2
YGL184C	P53101	STR3	51.82796	deletion	0	0	0	1.63563179479313e-09	0	1.00000186851477	0	6	23	2
YGL253W	P04807	HXK2	53.9419	deletion	0	0	0	2.02483278662232e-09	0	1.00000211643992	0	12	21	2
YGR121C		MEP1	NaN	deletion	0	0	NaN	NaN	NaN	1.00000100935959	0	2	18	2
YGR180C	P49723	RNR4	40.05407	deletion	0	0	0	2.55499135082477e-09	0	1.00000204654417	0	24	19	2
YIL066C	P21672	RNR3	97.51369	deletion	0	0	0	1.02681141773538e-09	0	1.00000202415024	0	24	19	2
YJL026W	P09938	RNR2	46.14681	deletion	0	0	0	2.20687267507423e-09	0	1.00000204142325	0	24	19	2
YLR155C	P0CZ17	ASP3-1	38.6862	deletion	0	0	0	2.10174011032964e-09	0	1.00000183353024	0	5	24	2
YLR157C	P0CX77	ASP3-2	38.6862	deletion	0	0	0	2.10174011032964e-09	0	1.00000183353024	0	5	24	2
YLR158C	P0CX78	ASP3-3	38.6862	deletion	0	0	0	2.10174011032964e-09	0	1.00000183353024	0	5	24	2
YLR160C	P0CX79	ASP3-4	38.6862	deletion	0	0	0	2.10174011032964e-09	0	1.00000183353024	0	5	24	2
YNL142W		MEP2	NaN	deletion	0	0	NaN	NaN	NaN	1.00000100935959	0	2	18	2
YOR375C	P07262	GDH1	49.56931	deletion	0	0	0	1.66836757891619e-09	0	1.00000184751946	0	8	15	2
YFR055W	P43623	IRC7	36.97108	deletion	0	0	0	2.19071185390933e-09	0	1.0000018302211	0	6	23	2
YMR145C	P40215	NDE1	62.77345	deletion	0.0515152007549121	0	0	8.93601959548616e-08	0	1.00005785949447	0	6	11	3
