genes	enzymes	shortNames	MWs	actions	k_scores	EV_type	OE	minUsage	maxUsage	pUsage	unique	conectivity	groups	priority
YDR300C	P32264	PRO1	47.16164	2	1000	tightly_const	2	2.10045381879585e-07	2.10441806311911e-07	2.10188074822914e-07	1	4	0	1
YOR323C	P54885	PRO2	49.73991	2	1000	tightly_const	2	2.72280886925063e-08	2.72808353545274e-08	2.72466152002226e-08	1	6	0	1
YPL069C	Q12051	BTS1	38.65108	2	1000	tightly_const	2	4.17270703929232e-08	4.17270703930067e-08	4.17270703929232e-08	1	4	0	1
YJR069C	P47119	HAM1	22.09268	1	1000	essential	2	3.6243964220821e-11	4.33490233652631e-09	1.5728024228112e-10	1	16	0	1
crtYB	Q7Z859	crtYB	74.736	2	1000	tightly_const	2	1.9604374615486e-06	1.96043746155252e-06	1.9604374615486e-06	1	5	0	1
crtI	Q7Z858	crtI	65.066	2	1000	tightly_const	2	0.000917995548644311	0.000917995548646147	0.000917995548644311	1	5	0	1
CCD1	Q6E4P3	CCD1	61.311	2	1000	tightly_const	2	0.000495717596267928	0.000495717596268919	0.000495717596267928	1	4	0	1
YLR044C	P06169	PDC1	61.49468	2	12.2981262666323	essential	2	7.85807595699103e-07	8.35995521178396e-07	7.85964669584431e-07	0	17	2	1
YAL038W	P00549	CDC19	54.54404	2	2.45583820895091	essential	2	1.89807537802141e-06	2.04058692750597e-06	2.0365908115579e-06	0	6	3	1
YGR254W	P00924	ENO1	46.81564	2	2.29905202954279	essential	2	1.90548093850404e-06	2.09360015403583e-06	2.08807140213054e-06	0	5	4	1
YOR283W	Q12040	YOR283W	26.17622	2	2.29905202954279	essential	2	5.70808568077353e-07	5.81046670319914e-07	5.76538552701568e-07	1	4	0	1
YLR354C	P15019	TAL1	37.0359	2	1.2652067484844	tightly_const	2	3.23619058738912e-06	3.26117040072976e-06	3.23621086807751e-06	0	6	5	1
YMR205C	P16862	PFK2	104.61673	2	1.22889349552643	tightly_const	2	6.86982372668974e-07	6.90242703827729e-07	6.87645792507766e-07	1	9	0	1
YDR050C	P00942	TPI1	26.79508	2	1.22787608258529	essential	2	2.82524975122355e-08	3.17918804592467e-08	2.82529587076439e-08	1	2	0	1
YCR012W	P00560	PGK1	44.73787	2	1.22693753981853	tightly_const	2	9.12092710605616e-07	9.15651099652529e-07	9.12100154435613e-07	1	4	0	1
YJL052W	P00360	TDH1	35.74956	2	1.22693753981853	tightly_const	2	1.687973034919e-05	1.6912263083973e-05	1.68801424615753e-05	0	8	6	1
YBR196C	P12709	PGI1	61.29832	2	1.19249788656644	essential	2	3.67302951250062e-07	3.72409375834572e-07	3.67320448060259e-07	1	2	0	1
YPL023C	P46151	MET12	73.94088	0	0.293884450454309	subOpt_isoenz	0	0	1.4093131046003e-08	0	0	6	7	2
YDR502C	P19358	SAM2	42.2555	0	0.293827460547136	subOpt_isoenz	0	0	2.18799529470418e-09	0	0	7	8	2
YBR218C	P32327	PYC2	130.16549	0	0.282987457510794	subOpt_isoenz	0	0	5.14610674603616e-07	0	0	8	10	2
YBL039C	P28274	URA7	64.70953	0	0.258201785040243	subOpt_isoenz	0	0	3.6752578720534e-08	0	0	12	12	2
YMR145C	P40215	NDE1	62.77345	0	0.211401980546079	subOpt_isoenz	0	0	8.29141419139404e-08	0	0	6	13	2
YAL062W	P39708	GDH3	49.62653	0	0.125458635982672	subOpt_isoenz	0	0	1.34298501326859e-06	0	0	8	19	2
YER081W	P40054	SER3	51.1927	0	0.0284390447736433	subOpt_isoenz	0	0	2.98342530157239e-08	0	0	6	20	2
YLR438W	P07991	CAR2	46.08557	0	0	subOpt_isoenz	0	0	1.62485265156004e-11	0	1	4	0	2
YMR246W	P47912	FAA4	77.26612	0	0	subOpt_isoenz	0	0	1.27016738925757e-09	0	1	48	0	2
YOR317W	P30624	FAA1	77.86529	0	0	subOpt_isoenz	0	0	1.25977733880061e-09	0	1	52	0	2
YOR388C	Q08911	FDH1	41.7138	0	0	subOpt_isoenz	0	0	1.61258524135389e-09	0	1	4	0	2
YDR452W	Q04119	PPN1	78.34335	1	1000	opt_isoenz	2	0	1.18102420893422e-09	1.59461388661699e-12	1	11	0	3
YKL060C	P14540	FBA1	39.62024	1	1.22889349552643	opt_isoenz	2	0	3.92175501039286e-09	4.10296198866691e-10	1	7	0	3
YLL052C		AQY2	NaN	0	0.286167169660962		0	NaN	NaN	NaN	0	2	9	3
YPR192W		AQY1	NaN	0	0.286167169660962		0	NaN	NaN	NaN	0	2	9	3
YOR222W		ODC2	NaN	0	0.26526130671434		0	NaN	NaN	NaN	0	6	11	3
YPL134C		ODC1	NaN	0	0.26526130671434		0	NaN	NaN	NaN	0	6	11	3
YER053C		PIC2	NaN	0	0.151208020065811		0	NaN	NaN	NaN	0	4	18	3
YJR077C		MIR1	NaN	0	0.151208020065811		0	NaN	NaN	NaN	0	4	18	3
YER070W	P21524	RNR1	99.56021	0	0	subOpt_isoenz	0	0	9.21909889010473e-10	0	0	24	22	3
YGR180C	P49723	RNR4	40.05407	0	0	subOpt_isoenz	0	0	2.38956145885344e-09	0	0	24	22	3
YIL066C	P21672	RNR3	97.51369	0	0	subOpt_isoenz	0	0	9.60073702710547e-10	0	0	24	22	3
