genes	enzymes	shortNames	MWs	actions	k_scores	OE	minUsage	maxUsage	pUsage
YBR208C	P32528	DUR1,2	201.82994	2	1000	2	1.86696262335497e-07	1.87082715244438e-07	1.86696262336137e-07
YBR249C	P32449	ARO4	39.74874	2	1000	2	0	1.16388395041326e-06	1.1638822483232e-06
YDR035W	P14843	ARO3	41.06952	1	1000	2	0	1.16388395041326e-06	0
YDR127W	P08566	ARO1	174.75305	2	1000	2	7.80677764465281e-06	7.80678906147667e-06	7.80677764465281e-06
YDR148C	P19262	KGD2	50.43011	2	1000	2	1.51562971031688e-06	7.15244968533383e-06	3.5940782956217e-06
YDR321W	P38986	ASP1	41.3948	1	1000	2	0	1.49927765336487e-06	1.04870020365333e-08
YEL046C	P37303	GLY1	42.81463	2	1000	2	9.52541678138594e-08	9.53223583769471e-08	9.52697775853812e-08
YEL047C	P32614	FRD1	50.84351	1	1000	2	5.59916123513431e-07	0.00145772446098469	5.59916123513781e-07
YER037W	P40025	PHM8	37.7185	1	1000	2	0	6.49474633053614e-12	0
YER056C		FCY2	NaN	1	1000	2	NaN	NaN	NaN
YER060W		FCY21	NaN	1	1000	2	NaN	NaN	NaN
YER060W-A		FCY22	NaN	1	1000	2	NaN	NaN	NaN
YER073W	P40047	ALD5	56.69214	2	1000	2	0	1.14365454985329e-07	1.14111365391062e-07
YGL148W	P28777	ARO2	40.83793	2	1000	2	0.000163210962266565	0.000163211200950295	0.000163210962266565
YGL186C		TPN1	NaN	1	1000	2	NaN	NaN	NaN
YGR244C	P53312	LSC2	46.90018	1	1000	2	1.0481199934624e-07	0.000904499297334318	2.48545561258189e-07
YGR248W	P53315	SOL4	28.44737	1	1000	2	0	2.41622001356449e-06	0
YGR256W	P53319	GND2	53.92235	1	1000	2	0	6.6379638202884e-07	0
YHR037W	P07275	PUT2	64.43444	1	1000	2	5.74847220140511e-06	0.00115555888489454	5.74847220140816e-06
YHR163W	P38858	SOL3	27.78417	2	1000	2	0	2.41622001356064e-06	2.41421222598851e-06
YHR183W	P38720	GND1	53.54274	2	1000	2	0	6.6379638202821e-07	6.63244792305261e-07
YIL125W	P20967	KGD1	114.41496	2	1000	2	1.51562971031688e-06	7.15244968533383e-06	3.5940782956217e-06
YLR142W	P09368	PUT1	53.27087	2	1000	2	2.57394412034804e-07	2.57845097179588e-07	2.57394412034939e-07
YLR209C	Q05788	PNP1	33.7546	1	1000	2	1.16907338430493e-07	0.0021949983616073	1.1690732715478e-07
YLR438W	P07991	CAR2	46.08557	2	1000	2	4.44026135585848e-08	4.45577028793246e-08	4.44026135586796e-08
YMR170C	P47771	ALD2	55.18718	1	1000	2	0	1.29518078879657e-07	0
YMR278W	Q03262	PRM15	71.06819	1	1000	2	0	0.00104251083794854	0
YNL241C	P11412	ZWF1	57.5209	2	1000	2	3.81276192412649e-08	3.81829530947145e-08	3.81512245027782e-08
YNL316C	P32452	PHA2	38.22484	2	1000	2	7.34954116911221e-08	7.34954969568181e-08	7.34954116911221e-08
YOR142W	P53598	LSC1	35.03207	1	1000	2	1.0481199934624e-07	0.000904499297334318	2.48545561258189e-07
YOR374W	P46367	ALD4	56.72295	1	1000	2	0	1.14365454985434e-07	0
YPL111W	P00812	CAR1	35.66162	2	1000	2	1.60096772103087e-05	1.60428165257523e-05	1.60096772103726e-05
YPR060C	P32178	ARO7	29.7468	2	1000	2	3.93333895151132e-07	3.93334351409192e-07	3.93333895151132e-07
YMR110C	Q04458	HFD1	59.97826	1	1000	2	0	0.00123534366688859	0
hmaS	Q5J1Q8	hmaS	36.597	2	1000	2	0.000166509482556472	0.000166509551546414	0.000166509482556472
YPL262W	P08417	FUM1	53.15125	1	336.9793734968	2	3.25138738159146e-08	0.0013939556392003	6.03994670536491e-08
YBR296C		PHO89	NaN	1	18.1124253614184	2	NaN	NaN	NaN
YCR037C		PHO87	NaN	1	18.1124253614184	2	NaN	NaN	NaN
YJL198W		PHO90	NaN	1	18.1124253614184	2	NaN	NaN	NaN
YML123C		PHO84	NaN	1	18.1124253614184	2	NaN	NaN	NaN
YNR013C		PHO91	NaN	1	18.1124253614184	2	NaN	NaN	NaN
YJR051W	P21375	OSM1	55.06455	1	17.256116448296	2	0	0.00134555229371347	8.9967530405508e-08
YOR095C	Q12189	RKI1	28.25777	1	13.6841604004648	2	5.85132011912717e-06	0.0026276888114506	5.85183877961768e-06
YJL121C	P46969	RPE1	25.96689	1	6.98324487167357	2	2.82239703596291e-07	0.00285342789315693	2.82357635161726e-07
YHR216W	P38697	IMD2	56.52936	1	6.19561974601084	2	0	2.93119699291488e-06	0
YLR432W	P50095	IMD3	56.58423	1	6.19561974601084	2	0	2.93119699291488e-06	0
YMR217W	P38625	GUA1	58.48154	2	6.19561974601084	2	1.67212000799364e-05	1.6769147535705e-05	1.67212000799586e-05
YML056C	P50094	IMD4	56.39328	2	6.19561974601084	2	0	2.93119699291488e-06	2.92281592060118e-06
YPR035W	P32288	GLN1	41.7656	2	4.36368873299821	2	9.28970562491247e-07	9.29776667803982e-07	9.29145134239085e-07
YER023W	P32263	PRO3	30.13145	2	3.72911729728627	2	6.22852554065372e-09	6.25028051674418e-09	6.22852554068769e-09
YLR155C	P0CZ17	ASP3-1	38.6862	2	3.5524145901312	2	0	1.49927765336508e-06	1.48805207181299e-06
YLR157C	P0CX77	ASP3-2	38.6862	1	3.5524145901312	2	0	1.49927765336508e-06	0
YLR158C	P0CX78	ASP3-3	38.6862	1	3.5524145901312	2	0	1.49927765336508e-06	0
YLR160C	P0CX79	ASP3-4	38.6862	1	3.5524145901312	2	0	1.49927765336508e-06	0
YKL085W	P17505	MDH1	35.64959	1	2.90008779267367	2	2.33911735534664e-08	0.00207838647136339	1.76763362700704e-07
YNR001C	P00890	CIT1	53.35945	2	2.15254567938782	2	0	2.3597901118836e-07	2.35864900778072e-07
YPR001W	P43635	CIT3	53.81073	1	2.15254567938782	2	0	2.35979011188202e-07	0
YGR254W	P00924	ENO1	46.81564	1	1.99652036092795	2	0	0.00158377010183644	1.23472618793992e-06
YHR174W	P00925	ENO2	46.91368	1	1.99652036092795	2	0	0.00158045832197283	0
YKL152C	P00950	GPM1	27.60828	1	1.99652036092795	2	0	0.00268384035058868	0
YMR323W	P42222	ERR3	47.31216	1	1.99652036092795	2	0	0.00156714647764285	0
YOR393W	P0CX10	ERR1	47.32712	1	1.99652036092795	2	0	0.00156665309261572	0
YPL281C	P0CX11	ERR2	47.32712	1	1.99652036092795	2	0	0.00156665309261571	0
YOR283W	Q12040	YOR283W	26.17622	1	1.99652036092795	2	0	0.00283067323831799	3.40920932421784e-07
YMR241W		YHM2	NaN	1	1.2956639232115	2	NaN	NaN	NaN
YLL052C		AQY2	NaN	1	1.0735178337582	2	NaN	NaN	NaN
YPR192W		AQY1	NaN	1	1.0735178337582	2	NaN	NaN	NaN
YBR196C	P12709	PGI1	61.29832	1	1.06212565099428	2	3.56644923766006e-07	0.00120899288121481	3.56674234509672e-07
YDR050C	P00942	TPI1	26.79508	1	1.04080710483006	2	2.39946280474488e-08	0.00276498269330963	2.39954006442932e-08
YGR240C	P16861	PFK1	107.96906	1	1.03157461629223	2	0	3.24385341225758e-07	0
YKL060C	P14540	FBA1	39.62024	1	1.03157461629223	2	0	0.00187184901450897	0
YMR205C	P16862	PFK2	104.61673	2	1.03157461629223	2	3.2436427061698e-07	5.83347968847373e-07	5.83328824028351e-07
YDR516C	Q04409	EMI2	55.92028	2	1.00082753764679	2	1.86172844204394e-07	1.8618615175409e-07	1.86178e-07
YPR113W	P06197	PIS1	24.82338	0	0.152388500154157	0	1.01728795212275e-07	1.22427178228846e-07	1.02305520906438e-07
YER141W	P40086	COX15	54.65792	0	0.149704166666667	0	0	2.3847993981e-13	2.3847993981e-13
YOR388C	Q08911	FDH1	41.7138	0	0.141967442192181	0	2.65874260929212e-06	4.52262637426539e-06	2.65960496720052e-06
YLR153C	P52910	ACS2	75.49079	0	0.114947690389181	0	0	6.57968590080604e-08	6.56506759039552e-08
YAL054C	Q01574	ACS1	79.13997	0	0.114947690389181	0	0	6.5796859008337e-08	0
YDR384C		ATO3	NaN	0	0.0626585521745443	0	NaN	NaN	NaN
YGR121C		MEP1	NaN	0	0.0626585521745443	0	NaN	NaN	NaN
YNL142W		MEP2	NaN	0	0.0626585521745443	0	NaN	NaN	NaN
YPR138C		MEP3	NaN	0	0.0626585521745443	0	NaN	NaN	NaN
YGL080W		MPC1	NaN	0	0.0400793320302862	0	NaN	NaN	NaN
YGR243W		MPC3	NaN	0	0.0400793320302862	0	NaN	NaN	NaN
YHR162W		MPC2	NaN	0	0.0400793320302862	0	NaN	NaN	NaN
YOL126C	P22133	MDH2	40.7305	0	0.0371651439125517	0	0	0.00181896625174468	0
YGR209C	P22803	TRX2	11.20376	0	0.0304999999999999	0	0	1.38583853383874e-08	0
YAL062W	P39708	GDH3	49.62653	0	0.0298997206763856	0	0	7.90380335341635e-07	0
YOR375C	P07262	GDH1	49.56931	0	0.0298997206763856	0	0	7.9038033534078e-07	2.4802840711704e-07
YKL069W	P36088	YKL069W	19.73402	0	0.0272630281287574	0	2.24095990313206e-09	0.00375430203910634	2.61646826274e-09
YML082W	Q04533	YML082W	74.31247	0	0.0185219373644869	0	0	0.00099697187870473	0
YLL058W	Q12198	YLL058W	64.22244	0	0.0177511355605126	0	0	0.00115360797395036	2.01820574976e-09
YJR130C	P47164	STR2	72.34965	0	0.0131263247366666	0	0	0.00102401820012021	0
YHR002W		LEU5	NaN	0	0.0108146911069996	0	NaN	NaN	NaN
YAL012W	P31373	CYS3	42.5416	0	0	0	0	0.00174152849563287	0
YAL038W	P00549	CDC19	54.54404	0	0	0	0	3.49845074978987e-11	0
YBR115C	P07702	LYS2	155.34394	0	0	0	0	7.61214332204402e-12	0
YBR218C	P32327	PYC2	130.16549	0	0	0	0	2.70546429565453e-10	0
YCL009C	P25605	ILV6	33.98652	0	0	0	0	4.85180862954744e-11	0
YCL018W	P04173	LEU2	38.95257	0	0	0	0	1.21243692203821e-10	0
YCL040W	P17709	GLK1	55.37689	0	0	0	0	2.80747135418107e-11	0
YCL050C	P16550	APA1	36.49211	0	0	0	0	5.05253759740934e-10	0
YCR053W	P16120	THR4	57.47349	0	0	0	0	5.54160251503271e-13	0
YDL066W	P21954	IDP1	48.18986	0	0	0	0	2.15535283025004e-10	0
YDL131W	Q12122	LYS21	48.59372	0	0	0	0	5.14544021933254e-10	0
YDR158W	P13663	HOM2	39.54334	0	0	0	0	1.19124088792211e-11	0
YDR234W	P49367	LYS4	75.14989	0	0	0	0	0.000985860866569888	0
YDR300C	P32264	PRO1	47.16164	0	0	0	0	3.82057236372063e-10	0
YDR353W	P29509	TRR1	34.23767	0	0	0	0	1.57871236891757e-10	0
YER052C	P10869	HOM3	58.10913	0	0	0	0	9.96023013894937e-12	0
YER069W	Q01217	ARG5,6	94.86823	0	0	0	0	1.84135922932259e-09	0
YER152C	P10356	YER152C	49.48976	0	0	0	0	0.00149702251385827	0
YFR053C	P04806	HXK1	53.73784	0	0	0	0	2.80747135546418e-11	0
YGL009C	P07264	LEU1	85.79356	0	0	0	0	0.000863553270050194	0
YGL062W	P11154	PYC1	130.09827	0	0	0	0	2.70546429855518e-10	0
YGL154C	P50113	LYS5	30.68281	0	0	0	0	7.61214332204402e-12	0
YGL184C	P53101	STR3	51.82796	0	0	0	0	6.31118255279651e-09	0
YGL253W	P04807	HXK2	53.9419	0	0	0	0	6.07049587211861e-11	0
YGR087C	P26263	PDC6	61.57964	0	0	0	0	1.47126227382649e-10	0
YHR018C	P04076	ARG4	51.9886	0	0	0	0	0.00142506903543538	0
YHR025W	P17423	THR1	38.71215	0	0	0	0	5.54160251893608e-11	0
YIL094C	P40495	LYS12	40.06854	0	0	0	0	1.86749603212141e-11	0
YIR034C	P38998	LYS1	41.46445	0	0	0	0	1.68868847676017e-11	0
YJL060W	P47039	BNA3	50.08168	0	0	0	0	0.0014793296860259	0
YJL088W	P05150	ARG3	37.84479	0	0	0	0	1.14478603831479e-11	0
YJR016C	P39522	ILV3	62.86049	0	0	0	0	2.4794208400731e-11	0
YJR139C	P31116	HOM6	38.50163	0	0	0	0	1.00131369229384e-10	0
YKL001C	Q02196	MET14	23.06018	0	0	0	0	1.10237104486534e-08	0
YLR043C	P22217	TRX1	11.23485	0	0	0	0	1.3858385351174e-08	0
YLR044C	P06169	PDC1	61.49468	0	0	0	0	6.29091386604864e-11	0
YLR355C	P06168	ILV5	44.36792	0	0	0	0	6.32506592662495e-10	0
YMR062C	Q04728	ARG7	47.84821	0	0	0	0	0.00154838312698598	0
YMR108W	P07342	ILV2	74.93608	0	0	0	0	4.85253414547996e-11	0
YMR267W	P28239	PPA2	35.57213	0	0	0	0	5.62356030882355e-11	0
YNL037C	P28834	IDH1	39.32357	0	0	0	0	1.35273214967929e-09	0
YNL104C	P06208	LEU4	68.40819	0	0	0	0	7.95687775576403e-11	0
YNR050C	P38999	LYS9	48.91735	0	0	0	0	9.68587200407659e-13	0
YOL058W	P22768	ARG1	46.92715	0	0	0	0	0.00157877191770743	0
YOL064C	P32179	MET22	39.14886	0	0	0	0	4.40948069143885e-09	0
YOL140W	P18544	ARG8	46.68082	0	0	0	0	4.57369132143155e-09	0
YOR130C		ORT1	NaN	0	0	0	NaN	NaN	NaN
YOR136W	P28241	IDH2	39.73903	0	0	0	0	1.35273214967929e-09	0
YOR323C	P54885	PRO2	49.73991	0	0	0	0	4.95259615453168e-11	0
YOR347C	P52489	PYK2	55.19478	0	0	0	0	3.4984507505986e-11	0
YPL061W	P54115	ALD6	54.41344	0	0	0	0	1.0389086682743e-09	0
YPL092W		SSU1	NaN	0	0	0	NaN	NaN	NaN
YPR167C	P18408	MET16	30.3799	0	0	0	0	1.38583853472499e-08	0
YFR055W	P43623	IRC7	36.97108	0	0	0	0	6.3111825499809e-09	0
YLR446W	Q06204	YLR446W	48.96875	0	0	0	0	4.60625909076851e-09	0
YJL200C	P39533	ACO2	86.58224	0	0	0	0	0.000856146575008932	0
