genes	enzymes	shortNames	MWs	actions	k_scores	OE	minUsage	maxUsage	pUsage	foldChange	unique	conectivity	groups	priority
YBR208C	P32528	DUR1,2	201.82994	OE	1000	2	1.86696262335497e-07	1.87082715244438e-07	1.86696262336137e-07	1.000001000001	1	10	0	1
YDR127W	P08566	ARO1	174.75305	OE	1000	2	7.80677764465281e-06	7.80678906147667e-06	7.80677764465281e-06	1.000001000001	1	14	0	1
YEL046C	P37303	GLY1	42.81463	OE	1000	2	9.52541678138594e-08	9.53223583769471e-08	9.52697775853812e-08	1.000001000001	1	4	0	1
YEL047C	P32614	FRD1	50.84351	OE	1000	2	5.59916123513431e-07	0.00145772446098469	5.59916123513781e-07	1.000001000001	1	10	0	1
YGL148W	P28777	ARO2	40.83793	OE	1000	2	0.000163210962266565	0.000163211200950295	0.000163210962266565	1.000001000001	1	3	0	1
YHR037W	P07275	PUT2	64.43444	OE	1000	2	5.74847220140511e-06	0.00115555888489454	5.74847220140816e-06	1.000001000001	1	9	0	1
YLR142W	P09368	PUT1	53.27087	OE	1000	2	2.57394412034804e-07	2.57845097179588e-07	2.57394412034939e-07	1.000001000001	1	4	0	1
YLR209C	Q05788	PNP1	33.7546	OE	1000	2	1.16907338430493e-07	0.0021949983616073	1.1690732715478e-07	1.000001000001	1	13	0	1
YLR438W	P07991	CAR2	46.08557	OE	1000	2	4.44026135585848e-08	4.45577028793246e-08	4.44026135586796e-08	1.000001000001	1	4	0	1
YNL241C	P11412	ZWF1	57.5209	OE	1000	2	3.81276192412649e-08	3.81829530947145e-08	3.81512245027782e-08	1.000001000001	1	5	0	1
YNL316C	P32452	PHA2	38.22484	OE	1000	2	7.34954116911221e-08	7.34954969568181e-08	7.34954116911221e-08	1.000001000001	1	5	0	1
YPL111W	P00812	CAR1	35.66162	OE	1000	2	1.60096772103087e-05	1.60428165257523e-05	1.60096772103726e-05	1.000001000001	1	4	0	1
YPR060C	P32178	ARO7	29.7468	OE	1000	2	3.93333895151132e-07	3.93334351409192e-07	3.93333895151132e-07	1.000001000001	1	2	0	1
hmaS	Q5J1Q8	hmaS	36.597	OE	1000	2	0.000166509482556472	0.000166509551546414	0.000166509482556472	1.000001000001	1	7	0	1
YPL262W	P08417	FUM1	53.15125	OE	336.9793734968	2	3.25138738159146e-08	0.0013939556392003	6.03994670536491e-08	1.000001000001	1	6	0	1
YOR095C	Q12189	RKI1	28.25777	OE	13.6841604004648	2	5.85132011912717e-06	0.0026276888114506	5.85183877961768e-06	1.000001000001	1	2	0	1
YJL121C	P46969	RPE1	25.96689	OE	6.98324487167357	2	2.82239703596291e-07	0.00285342789315693	2.82357635161726e-07	1.0000010000009	1	2	0	1
YMR217W	P38625	GUA1	58.48154	OE	6.19561974601084	2	1.67212000799364e-05	1.6769147535705e-05	1.67212000799586e-05	1.000001000001	1	9	0	1
YPR035W	P32288	GLN1	41.7656	OE	4.36368873299821	2	9.28970562491247e-07	9.29776667803982e-07	9.29145134239085e-07	1.000001000001	1	7	0	1
YER023W	P32263	PRO3	30.13145	OE	3.72911729728627	2	6.22852554065372e-09	6.25028051674418e-09	6.22852554068769e-09	1.000001000001	1	6	0	1
YKL085W	P17505	MDH1	35.64959	OE	2.90008779267367	2	2.33911735534664e-08	0.00207838647136339	1.76763362700704e-07	1.00000100000103	1	5	0	1
YBR196C	P12709	PGI1	61.29832	OE	1.06212565099428	2	3.56644923766006e-07	0.00120899288121481	3.56674234509672e-07	1.00000100000091	1	2	0	1
YDR050C	P00942	TPI1	26.79508	OE	1.04080710483006	2	2.39946280474488e-08	0.00276498269330963	2.39954006442932e-08	1.000001000001	1	2	0	1
YMR205C	P16862	PFK2	104.61673	OE	1.03157461629223	2	3.2436427061698e-07	5.83347968847373e-07	5.83328824028351e-07	1.000001000001	1	9	0	1
YDR516C	Q04409	EMI2	55.92028	OE	1.00082753764679	2	1.86172844204394e-07	1.8618615175409e-07	1.86178e-07	1.000001000001	1	4	0	1
YAL054C	Q01574	ACS1	79.13997	deletion	0.114947690389181	0	0	6.5796859008337e-08	0	1.000001000001	1	13	0	1
YOL126C	P22133	MDH2	40.7305	deletion	0.0371651439125517	0	0	0.00181896625174468	0	1.000001000001	1	5	0	1
YGR209C	P22803	TRX2	11.20376	deletion	0.0304999999999999	0	0	1.38583853383874e-08	0	1.000001000001	1	31	0	1
YJR130C	P47164	STR2	72.34965	deletion	0.0131263247366666	0	0	0.00102401820012021	0	1.000001000001	1	11	0	1
YAL012W	P31373	CYS3	42.5416	deletion	0	0	0	0.00174152849563287	0	1.000001000001	1	10	0	1
YCL018W	P04173	LEU2	38.95257	deletion	0	0	0	1.21243692203821e-10	0	1.000001000001	1	5	0	1
YCL040W	P17709	GLK1	55.37689	deletion	0	0	0	2.80747135418107e-11	0	1.000001000001	1	6	0	1
YCL050C	P16550	APA1	36.49211	deletion	0	0	0	5.05253759740934e-10	0	1.000001000001	1	9	0	1
YDR234W	P49367	LYS4	75.14989	deletion	0	0	0	0.000985860866569888	0	1.000001000001	1	6	0	1
YDR353W	P29509	TRR1	34.23767	deletion	0	0	0	1.57871236891757e-10	0	1.000001000001	1	6	0	1
YER052C	P10869	HOM3	58.10913	deletion	0	0	0	9.96023013894937e-12	0	1.000001000001	1	4	0	1
YER069W	Q01217	ARG5,6	94.86823	deletion	0	0	0	1.84135922932259e-09	0	1.000001000001	1	9	0	1
YER152C	P10356	YER152C	49.48976	deletion	0	0	0	0.00149702251385827	0	1.000001000001	1	6	0	1
YGL009C	P07264	LEU1	85.79356	deletion	0	0	0	0.000863553270050194	0	1.000001000001	1	4	0	1
YHR018C	P04076	ARG4	51.9886	deletion	0	0	0	0.00142506903543538	0	1.000001000001	1	3	0	1
YJL060W	P47039	BNA3	50.08168	deletion	0	0	0	0.0014793296860259	0	1.000001000001	1	10	0	1
YJL088W	P05150	ARG3	37.84479	deletion	0	0	0	1.14478603831479e-11	0	1.000001000001	1	5	0	1
YJR016C	P39522	ILV3	62.86049	deletion	0	0	0	2.4794208400731e-11	0	1.000001000001	1	5	0	1
YLR043C	P22217	TRX1	11.23485	deletion	0	0	0	1.3858385351174e-08	0	1.000001000001	1	23	0	1
YMR062C	Q04728	ARG7	47.84821	deletion	0	0	0	0.00154838312698598	0	1.000001000001	1	9	0	1
YMR267W	P28239	PPA2	35.57213	deletion	0	0	0	5.62356030882355e-11	0	1.000001000001	1	4	0	1
YNL104C	P06208	LEU4	68.40819	deletion	0	0	0	7.95687775576403e-11	0	1.000001000001	1	13	0	1
YNR050C	P38999	LYS9	48.91735	deletion	0	0	0	9.68587200407659e-13	0	1.000001000001	1	7	0	1
YOL058W	P22768	ARG1	46.92715	deletion	0	0	0	0.00157877191770743	0	1.000001000001	1	7	0	1
YOL064C	P32179	MET22	39.14886	deletion	0	0	0	4.40948069143885e-09	0	1.000001000001	1	4	0	1
YOR323C	P54885	PRO2	49.73991	deletion	0	0	0	4.95259615453168e-11	0	1.000001000001	1	6	0	1
YPL061W	P54115	ALD6	54.41344	deletion	0	0	0	1.0389086682743e-09	0	1.000001000001	1	8	0	1
YPR167C	P18408	MET16	30.3799	deletion	0	0	0	1.38583853472499e-08	0	1.000001000001	1	7	0	1
YLR446W	Q06204	YLR446W	48.96875	deletion	0	0	0	4.60625909076851e-09	0	1.000001000001	1	20	0	1
YJL200C	P39533	ACO2	86.58224	deletion	0	0	0	0.000856146575008932	0	1.000001000001	1	7	0	1
YBR249C	P32449	ARO4	39.74874	OE	1000	2	0	1.16388395041326e-06	1.1638822483232e-06	1.000001000001	0	12	1	2
YDR148C	P19262	KGD2	50.43011	OE	1000	2	1.51562971031688e-06	7.15244968533383e-06	3.5940782956217e-06	1.000001000001	0	11	2	2
YHR163W	P38858	SOL3	27.78417	OE	1000	2	0	2.41622001356064e-06	2.41421222598851e-06	1.000001000001	0	5	5	2
YHR183W	P38720	GND1	53.54274	OE	1000	2	0	6.6379638202821e-07	6.63244792305261e-07	1.000001000001	0	6	6	2
YOR142W	P53598	LSC1	35.03207	OE	1000	2	1.0481199934624e-07	0.000904499297334318	2.48545561258189e-07	1.000001000001	0	8	4	2
YML056C	P50094	IMD4	56.39328	OE	6.19561974601084	2	0	2.93119699291488e-06	2.92281592060118e-06	1.000001000001	0	7	8	2
YLR155C	P0CZ17	ASP3-1	38.6862	OE	3.5524145901312	2	0	1.49927765336508e-06	1.48805207181299e-06	1.000001000001	0	5	9	2
YGR254W	P00924	ENO1	46.81564	OE	1.99652036092795	2	0	0.00158377010183644	1.23472618793992e-06	1.000001000001	0	5	10	2
YDR384C		ATO3	NaN	deletion	0.0626585521745443	0	NaN	NaN	NaN	1.000001000001	0	2	12	2
YGR121C		MEP1	NaN	deletion	0.0626585521745443	0	NaN	NaN	NaN	1.000001000001	0	2	12	2
YNL142W		MEP2	NaN	deletion	0.0626585521745443	0	NaN	NaN	NaN	1.000001000001	0	2	12	2
YPR138C		MEP3	NaN	deletion	0.0626585521745443	0	NaN	NaN	NaN	1.000001000001	0	2	12	2
YGL080W		MPC1	NaN	deletion	0.0400793320302862	0	NaN	NaN	NaN	1.000001000001	0	4	13	2
YGR243W		MPC3	NaN	deletion	0.0400793320302862	0	NaN	NaN	NaN	1.000001000001	0	4	13	2
YHR162W		MPC2	NaN	deletion	0.0400793320302862	0	NaN	NaN	NaN	1.000001000001	0	4	13	2
YAL038W	P00549	CDC19	54.54404	deletion	0	0	0	3.49845074978987e-11	0	1.000001000001	0	6	16	2
YBR218C	P32327	PYC2	130.16549	deletion	0	0	0	2.70546429565453e-10	0	1.000001000001	0	8	18	2
YFR053C	P04806	HXK1	53.73784	deletion	0	0	0	2.80747135546418e-11	0	1.000001000001	0	12	19	2
YGL062W	P11154	PYC1	130.09827	deletion	0	0	0	2.70546429855518e-10	0	1.000001000001	0	8	18	2
YGL184C	P53101	STR3	51.82796	deletion	0	0	0	6.31118255279651e-09	0	1.000001000001	0	6	20	2
YGL253W	P04807	HXK2	53.9419	deletion	0	0	0	6.07049587211861e-11	0	1.000001000001	0	12	19	2
YGR087C	P26263	PDC6	61.57964	deletion	0	0	0	1.47126227382649e-10	0	1.000001000001	0	17	21	2
YLR044C	P06169	PDC1	61.49468	deletion	0	0	0	6.29091386604864e-11	0	1.000001000001	0	17	21	2
YOR136W	P28241	IDH2	39.73903	deletion	0	0	0	1.35273214967929e-09	0	1.000001000001	0	5	22	2
YOR347C	P52489	PYK2	55.19478	deletion	0	0	0	3.4984507505986e-11	0	1.000001000001	0	6	16	2
YFR055W	P43623	IRC7	36.97108	deletion	0	0	0	6.3111825499809e-09	0	1.000001000001	0	6	20	2
YAL062W	P39708	GDH3	49.62653	deletion	0.0298997206763856	0	0	7.90380335341635e-07	0	1.000001000001	0	8	14	3
YML082W	Q04533	YML082W	74.31247	deletion	0.0185219373644869	0	0	0.00099697187870473	0	1.000001000001	0	16	15	3
