genes	enzymes	shortNames	MWs	actions	k_scores	OE	minUsage	maxUsage	pUsage	foldChange	unique	conectivity	groups	priority
YGR155W	P32582	CYS4	56.02121	OE	1000	2	3.05589254334071e-08	3.14475587369312e-08	3.07447160076225e-08	1.00000973106678	1	4	0	1
YNL241C	P11412	ZWF1	57.5209	OE	1000	2	1.77310839403823e-09	2.13397330641069e-09	1.9228680960928e-09	1.00000156938763	1	5	0	1
LUP	A0A3B1EU92	LUP	86.705	OE	1000	2	0.00113275270885403	0.00113275270885403	0.00113275270885403	1.98945226362598	1	2	0	1
YDR380W	Q06408	ARO10	71.38357	OE	92.471711334859	2	7.25673617838045e-09	7.95646680612943e-09	7.95594994490425e-09	1.00000388518793	1	4	0	1
YOR283W	Q12040	YOR283W	26.17622	OE	3.50962844984525	2	6.24265287219079e-07	6.35323211321701e-07	6.31514960990505e-07	1.00008471824472	1	4	0	1
YCR012W	P00560	PGK1	44.73787	OE	1.25742892702522	2	9.80076773347746e-07	9.82366544372385e-07	9.80158973151802e-07	1.00022306081521	1	4	0	1
YDR050C	P00942	TPI1	26.79508	OE	1.2536839704822	2	3.033618071374e-08	3.40616104059793e-08	3.03413211630748e-08	1.00000512621014	1	2	0	1
YMR205C	P16862	PFK2	104.61673	OE	1.2440510022378	2	7.34055801249794e-07	7.37404938956605e-07	7.37310454094031e-07	1.00039161113662	1	9	0	1
YDR516C	Q04409	EMI2	55.92028	OE	1.00081609399929	2	1.85760884327058e-07	1.86184912711182e-07	1.86178e-07	1.00005372979425	1	4	0	1
YDR226W	P07170	ADK1	24.2546	deletion	0.118444371700896	0	0	6.50816232872007e-08	0	1.0000169963068	1	4	0	1
YLR153C	P52910	ACS2	75.49079	deletion	0.0202517641324452	0	0	2.64842937459353e-10	0	1.00000121189751	1	13	0	1
YJR130C	P47164	STR2	72.34965	deletion	0.0131263247366666	0	0	2.260812541111e-09	0	1.00000266606989	1	11	0	1
YPR035W	P32288	GLN1	41.7656	deletion	0.0109249013636926	0	0	6.58688626995081e-10	0	1.00000128791781	1	7	0	1
YKL085W	P17505	MDH1	35.64959	deletion	8.57037240774167e-07	0	0	2.77035648167689e-09	0	1.00000200968541	1	5	0	1
YBR263W	P37292	SHM1	53.68589	deletion	0	0	0	2.86959077250326e-09	0	1.00000256965321	1	5	0	1
YCL040W	P17709	GLK1	55.37689	deletion	0	0	0	2.18948839896998e-09	0	1.00000223736807	1	6	0	1
YDR234W	P49367	LYS4	75.14989	deletion	0	0	0	1.32648908808916e-09	0	1.00000201907592	1	6	0	1
YDR300C	P32264	PRO1	47.16164	deletion	0	0	0	5.58265330549915e-10	0	1.00000127613889	1	4	0	1
YDR353W	P29509	TRR1	34.23767	deletion	0	0	0	1.10789313889984e-09	0	1.00000139361231	1	6	0	1
YER023W	P32263	PRO3	30.13145	deletion	0	0	0	8.47825341967667e-12	0	1.00000101192515	1	6	0	1
YER091C	P05694	MET6	85.85892	deletion	0	0	0	1.13054083201943e-09	0	1.00000199244351	1	7	0	1
YER152C	P10356	YER152C	49.48976	deletion	0	0	0	1.99541008005046e-09	0	1.00000200954815	1	6	0	1
YGL009C	P07264	LEU1	85.79356	deletion	0	0	0	1.16179250311839e-09	0	1.00000201884951	1	4	0	1
YJL088W	P05150	ARG3	37.84479	deletion	0	0	0	6.49476446697235e-12	0	1.00000101197846	1	5	0	1
YJR139C	P31116	HOM6	38.50163	deletion	0	0	0	4.38929307028061e-10	0	1.00000118064245	1	7	0	1
YLR043C	P22217	TRX1	11.23485	deletion	0	0	0	1.07958457431442e-09	0	1.0000011322149	1	23	0	1
YLR174W	P41939	IDP2	46.56172	deletion	0	0	0	2.12110168561903e-09	0	1.00000200968612	1	5	0	1
YLR304C	P19414	ACO1	85.36736	deletion	0	0	0	1.1567934123514e-09	0	1.00000200958744	1	8	0	1
YLR355C	P06168	ILV5	44.36792	deletion	0	0	0	1.9638752194137e-09	0	1.000001891797	1	7	0	1
YMR062C	Q04728	ARG7	47.84821	deletion	0	0	0	2.06386960788894e-09	0	1.00000200964695	1	9	0	1
YMR246W	P47912	FAA4	77.26612	deletion	0	0	0	1.37196066258398e-09	0	1.00000208289867	1	48	0	1
YNL104C	P06208	LEU4	68.40819	deletion	0	0	0	7.37582289440684e-10	0	1.00000152042293	1	13	0	1
YNR001C	P00890	CIT1	53.35945	deletion	0	0	0	1.4614494078828e-10	0	1.0000010883901	1	7	0	1
YOL064C	P32179	MET22	39.14886	deletion	0	0	0	3.43593709690362e-10	0	1.00000114572013	1	4	0	1
YOR184W	P33330	SER1	43.41501	deletion	0	0	0	2.14636154662184e-09	0	1.00000195323358	1	4	0	1
YOR317W	P30624	FAA1	77.86529	deletion	0	0	0	1.36086974887586e-09	0	1.00000208255491	1	52	0	1
YOR388C	Q08911	FDH1	41.7138	deletion	0	0	0	1.77596981350692e-09	0	1.00000175977533	1	4	0	1
YPR001W	P43635	CIT3	53.81073	deletion	0	0	0	1.46048310491536e-10	0	1.00000108908253	1	9	0	1
YPR167C	P18408	MET16	30.3799	deletion	0	0	0	1.0799506247537e-09	0	1.00000134176735	1	7	0	1
YLR446W	Q06204	YLR446W	48.96875	deletion	0	0	0	2.01942260159958e-09	0	1.0000020109279	1	20	0	1
YJL200C	P39533	ACO2	86.58224	deletion	0	0	0	1.15133967933627e-09	0	1.00000201907652	1	7	0	1
YHR163W	P38858	SOL3	27.78417	OE	1000	2	0	1.35037984055215e-07	1.21679231192499e-07	1.0000747239772	0	5	2	2
YHR183W	P38720	GND1	53.54274	OE	1000	2	0	3.70979736653161e-08	3.34283438512072e-08	1.00001007281602	0	6	3	2
YOL086C	P00330	ADH1	36.84874	OE	1000	2	4.9623177026494e-07	5.05260562782511e-07	5.0296901111244e-07	1.00009512545155	0	21	1	2
YAL038W	P00549	CDC19	54.54404	OE	3.50962844984525	2	2.1143082395203e-06	2.26768534573703e-06	2.26746722492226e-06	1.00062729086755	0	6	4	2
YGR254W	P00924	ENO1	46.81564	OE	3.50962844984525	2	2.08646492342427e-06	2.2892911298089e-06	2.28718153171697e-06	1.00054322595942	0	5	5	2
YJL052W	P00360	TDH1	35.74956	OE	1.25742892702522	2	1.81359380165306e-05	1.81424622607532e-05	1.81396999236686e-05	1.00328485629456	0	8	6	2
YLR354C	P15019	TAL1	37.0359	OE	1.22729423902113	2	3.5077617041084e-06	3.51226097083399e-06	3.50959431225485e-06	1.00065921471089	0	6	7	2
YLL052C		AQY2	NaN	deletion	0.098784897905149	0	NaN	NaN	NaN	1.00000100929895	0	2	9	2
YOR222W		ODC2	NaN	deletion	0.0729750115218008	0	NaN	NaN	NaN	1.00000100929895	0	6	10	2
YPL134C		ODC1	NaN	deletion	0.0729750115218008	0	NaN	NaN	NaN	1.00000100929895	0	6	10	2
YMR189W	P49095	GCV2	114.45033	deletion	0.0549	0	0	1.15613075088813e-10	0	1.00000114216294	0	18	11	2
YGL080W		MPC1	NaN	deletion	0.0324140289399296	0	NaN	NaN	NaN	1.00000100929895	0	4	13	2
YGR243W		MPC3	NaN	deletion	0.0324140289399296	0	NaN	NaN	NaN	1.00000100929895	0	4	13	2
YHR162W		MPC2	NaN	deletion	0.0324140289399296	0	NaN	NaN	NaN	1.00000100929895	0	4	13	2
YER053C		PIC2	NaN	deletion	0.0214390914984169	0	NaN	NaN	NaN	1.00000100929895	0	4	14	2
YAL062W	P39708	GDH3	49.62653	deletion	0	0	0	1.66806554384169e-09	0	1.00000184782656	0	8	15	2
YBR218C	P32327	PYC2	130.16549	deletion	0	0	0	2.61098118829266e-10	0	1.00000135349923	0	8	17	2
YDR384C		ATO3	NaN	deletion	0	0	NaN	NaN	NaN	1.00000100929895	0	2	18	2
YER070W	P21524	RNR1	99.56021	deletion	0	0	0	1.00610997406053e-09	0	1.00000202387531	0	24	19	2
YFR053C	P04806	HXK1	53.73784	deletion	0	0	0	2.29307098698943e-09	0	1.000002257361	0	12	21	2
YGL062W	P11154	PYC1	130.09827	deletion	0	0	0	2.61164539702798e-10	0	1.00000135348615	0	8	17	2
YGL184C	P53101	STR3	51.82796	deletion	0	0	0	1.65222221257871e-09	0	1.00000187666176	0	6	23	2
YGL253W	P04807	HXK2	53.9419	deletion	0	0	0	2.00763784114123e-09	0	1.00000210616548	0	12	21	2
YGR121C		MEP1	NaN	deletion	0	0	NaN	NaN	NaN	1.00000100929895	0	2	18	2
YGR180C	P49723	RNR4	40.05407	deletion	0	0	0	2.58090694919703e-09	0	1.00000205635802	0	24	19	2
YIL066C	P21672	RNR3	97.51369	deletion	0	0	0	1.02753922121944e-09	0	1.00000202418543	0	24	19	2
YJL026W	P09938	RNR2	46.14681	deletion	0	0	0	2.22925725937426e-09	0	1.00000205132085	0	24	19	2
YLR155C	P0CZ17	ASP3-1	38.6862	deletion	0	0	0	2.16310337485565e-09	0	1.00000185699941	0	5	24	2
YLR157C	P0CX77	ASP3-2	38.6862	deletion	0	0	0	2.16310337485565e-09	0	1.00000185699941	0	5	24	2
YLR158C	P0CX78	ASP3-3	38.6862	deletion	0	0	0	2.16310337485565e-09	0	1.00000185699941	0	5	24	2
YLR160C	P0CX79	ASP3-4	38.6862	deletion	0	0	0	2.16310337485565e-09	0	1.00000185699941	0	5	24	2
YNL142W		MEP2	NaN	deletion	0	0	NaN	NaN	NaN	1.00000100929895	0	2	18	2
YOR375C	P07262	GDH1	49.56931	deletion	0	0	0	1.66967860917981e-09	0	1.0000018477079	0	8	15	2
YPR138C		MEP3	NaN	deletion	0	0	NaN	NaN	NaN	1.00000100929895	0	2	18	2
YFR055W	P43623	IRC7	36.97108	deletion	0	0	0	2.19198369055363e-09	0	1.00000183016234	0	6	23	2
YMR145C	P40215	NDE1	62.77345	deletion	0.0444879292125661	0	0	8.9409908039308e-08	0	1.0000578520022	0	6	12	3
