genes	enzymes	shortNames	MWs	actions	k_scores	OE	minUsage	maxUsage	pUsage
YAR035W	P80235	YAT1	77.76483	2	1000	2	0	1.34107213771325e-08	1.24617488541185e-08
YDR300C	P32264	PRO1	47.16164	1	1000	2	0	1.1867770739701e-09	0
YER024W	P40017	YAT2	103.33286	1	1000	2	0	3.56174222873707e-08	0
YER073W	P40047	ALD5	56.69214	2	1000	2	0	4.71842497843808e-07	4.66036938429569e-07
YLR138W		NHA1	NaN	1	1000	2	0	0	0
YML042W	P32796	CAT2	77.24096	2	1000	2	0	1.35263558576602e-08	1.25692007810435e-08
YMR170C	P47771	ALD2	55.18718	1	1000	2	0	5.34358332788253e-07	0
YOR100C		CRC1	NaN	1	1000	2	0	0	0
YOR323C	P54885	PRO2	49.73991	1	1000	2	0	1.53841544749406e-10	0
YOR374W	P46367	ALD4	56.72295	1	1000	2	0	4.71842497843688e-07	0
YMR110C	Q04458	HFD1	59.97826	1	1000	2	0	0.000143939630703967	0
YDR456W		NHX1	NaN	1	1000	2	0	0	0
YDR038C	Q12691	ENA5	120.29497	1	1000	2	0	4.01106478090292e-08	2.13119756849236e-09
YDR039C	Q01896	ENA2	120.31602	1	1000	2	0	4.01106478073312e-08	0
YDR040C	P13587	ENA1	120.35609	1	1000	2	0	4.0110647807971e-08	0
Pa_5_5120	3DSD	Pa_5_5120	40.48	2	1000	2	1.41772850249267e-06	1.41772850249267e-06	1.41772850249267e-06
ECL_01944	A0A0H3CJN8	ECL_01944	53.541	2	1000	2	1.9129883260301e-06	1.91298832603011e-06	1.9129883260301e-06
HQD2	P86029	HQD2	33.8	2	1000	2	1.09154218818683e-06	1.09154218818684e-06	1.09154218818683e-06
YBR117C	P33315	TKL2	75.02862	1	508.142502940373	2	0	0.000117193363321931	0
YPR074C	P23254	TKL1	73.80488	1	411.352687769664	2	0	0.00011913645271978	2.52439679732567e-06
ARO4K229L	P32449ly	ARO4K229L	39.7487	2	24.1934270868252	2	0.00210366655582993	0.00210367152827243	0.00210366655582993
YBR296C		PHO89	NaN	1	23.135473420284	2	0	0	0
YCR037C		PHO87	NaN	1	23.135473420284	2	0	0	0
YJL198W		PHO90	NaN	1	23.135473420284	2	0	0	0
YML123C		PHO84	NaN	1	23.135473420284	2	0	0	0
YNR013C		PHO91	NaN	1	23.135473420284	2	0	0	0
YOR095C	Q12189	RKI1	28.25777	1	8.3217214739984	2	6.18395749042595e-06	0.000310756219334339	6.18395749042596e-06
YJL121C	P46969	RPE1	25.96689	1	8.2720588737979	2	5.23154343511843e-07	0.000331965915307527	5.23154343511846e-07
YBR196C	P12709	PGI1	61.29832	1	1.12939126751784	2	3.91916993515178e-07	0.000140796154479704	3.91917662784338e-07
YGR254W	P00924	ENO1	46.81564	1	1.11592828323297	2	0	0.000184829284439046	9.90114810229266e-07
YHR174W	P00925	ENO2	46.91368	1	1.11592828323297	2	0	0.000184442792800024	0
YKL152C	P00950	GPM1	27.60828	1	1.11592828323297	2	0	0.000311996687955623	0
YMR323W	P42222	ERR3	47.31216	1	1.11592828323297	2	0	0.000182889272715797	0
YOR393W	P0CX10	ERR1	47.32712	1	1.11592828323297	2	0	0.000182831693650872	0
YPL281C	P0CX11	ERR2	47.32712	1	1.11592828323297	2	0	0.000182831693650872	0
YOR283W	Q12040	YOR283W	26.17622	1	1.11592828323297	2	0	0.000329065987779691	2.73381149282309e-07
YDR516C	Q04409	EMI2	55.92028	2	1.04350599073316	2	1.86174946885189e-07	1.89284572213724e-07	1.86178e-07
YER141W	P40086	COX15	54.65792	0	0.145891666666667	0	0	2.3847993981e-13	2.3847993981e-13
YBL039C	P28274	URA7	64.70953	0	0.133931199017842	0	0	2.16509566717115e-08	0
YJR103W	P38627	URA8	64.50989	0	0.133931199017842	0	0	2.16509566716821e-08	1.88718006386648e-08
YDR454C	P15454	GUK1	20.63708	0	0.132366839378239	0	7.81553127101644e-11	0.000417042262777811	8.97168667721405e-11
YLR027C	P23542	AAT2	46.05711	0	0.1181875	0	0	0.00018688352387167	1.67643563459387e-08
YNL036W	P53615	NCE103	24.85889	0	0.110564915895806	0	0	0.000346215724768182	3.22927467240784e-11
YBR218C	P32327	PYC2	130.16549	0	0.0950754188700123	0	0	3.64545592072392e-07	0
YGL062W	P11154	PYC1	130.09827	0	0.0950754188700123	0	0	3.64545592071329e-07	3.64307161100419e-07
YMR246W	P47912	FAA4	77.26612	0	0.0910051777136719	0	0	0.000111478679484163	8.11203538049995e-08
YOR317W	P30624	FAA1	77.86529	0	0.0910051777136719	0	0	0.000110620813082174	0
YHR208W	P38891	BAT1	43.59553	0	0.0868226392888944	0	4.26701324485567e-09	0.000197422364161011	4.27913012853564e-09
YPR035W	P32288	GLN1	41.7656	0	0.0847752073002932	0	1.07131211851148e-07	1.07390524246764e-07	1.07131211851141e-07
YGL080W		MPC1	NaN	0	0.079093470150699	0	0	0	0
YGR243W		MPC3	NaN	0	0.079093470150699	0	0	0	0
YHR162W		MPC2	NaN	0	0.079093470150699	0	0	0	0
YOL126C	P22133	MDH2	40.7305	0	0.0784544483553753	0	1.42621353116675e-09	0.000211306003657534	1.42773344280152e-09
YER069W	Q01217	ARG5,6	94.86823	0	0.0781761363630344	0	6.40705778770556e-07	6.4543850194806e-07	6.4425532115529e-07
YMR062C	Q04728	ARG7	47.84821	0	0.0781761363630344	0	1.40599175675292e-07	0.000180013182693387	1.41378102208172e-07
YOL140W	P18544	ARG8	46.68082	0	0.0781761363630344	0	1.59142790465436e-06	1.60318335929882e-06	1.60024449562801e-06
YOR130C		ORT1	NaN	0	0.0781761363630344	0	0	0	0
YER070W	P21524	RNR1	99.56021	0	0.0731999999999928	0	0	2.52983306081956e-07	0
YIL066C	P21672	RNR3	97.51369	0	0.0731999999999928	0	0	2.52983306082818e-07	0
YJL026W	P09938	RNR2	46.14681	0	0.0731999999999928	0	0	2.52983306081912e-07	0
YGR180C	P49723	RNR4	40.05407	0	0.0674977602818599	0	0	2.52983306083692e-07	5.49457267030014e-08
YBR221C	P32473	PDB1	40.0532	0	0.0286130297173769	0	9.30665167433777e-08	1.42896231067921e-07	9.60969005150993e-08
YER178W	P16387	PDA1	46.34261	0	0.0286130297173769	0	9.30665167433777e-08	1.42896231067921e-07	9.60969005150993e-08
YGR193C	P16451	PDX1	45.36125	0	0.0286130297173769	0	9.30665167433777e-08	1.42896231067921e-07	9.60969005150993e-08
YNL071W	P12695	LAT1	51.81762	0	0.0286130297173769	0	9.30665167433777e-08	1.42896231067921e-07	9.60969005150993e-08
YLR438W	P07991	CAR2	46.08557	0	0.00565725709181354	0	1.27557288819159e-08	1.29428987361942e-08	1.28961062725818e-08
YCL040W	P17709	GLK1	55.37689	0	0	0	0	1.66250431030702e-11	0
YDL171C	Q12680	GLT1	238.09944	0	0	0	0	1.95224831735321e-10	0
YFR053C	P04806	HXK1	53.73784	0	0	0	0	1.66250430642182e-11	0
YGL253W	P04807	HXK2	53.9419	0	0	0	0	3.59531171690835e-11	0
YHR002W		LEU5	NaN	0	0	0	0	0	0
YMR267W	P28239	PPA2	35.57213	0	0	0	0	2.62751749061303e-11	0
YPL061W	P54115	ALD6	54.41344	0	0	0	0	6.21172377094164e-10	0
YLR446W	Q06204	YLR446W	48.96875	0	0	0	0	2.72769499888155e-09	0
