genes	enzymes	shortNames	MWs	actions	k_scores	OE	minUsage	maxUsage	pUsage	foldChange	unique	conectivity	groups	priority
YGR155W	P32582	CYS4	56.02121	OE	1000	2	3.0560781524054e-08	3.14403301553356e-08	3.07447160076225e-08	1.00000972786709	1	4	0	1
YNL241C	P11412	ZWF1	57.5209	OE	1000	2	1.76458379848044e-09	2.12981517440617e-09	1.92286809609178e-09	1.00000156048129	1	5	0	1
CHI1	Q8VZW3	CHI1	23.332	OE	1000	2	0.00279077286859882	0.00279077286859883	0.00279077286859882	1.4924502904159	1	3	0	1
CHS3	P13114	CHS3	43.116	OE	1000	2	0.000775214685721895	0.000775214685721896	0.000775214685721895	1.20391184432846	1	6	0	1
4CL3	Q9S777	4CL3	61.311	OE	1000	2	9.22874625859398e-07	9.228746258594e-07	9.22874625859398e-07	1.00028780800147	1	6	0	1
TAL	A0A1M4NET9	TAL	55.539	OE	1000	2	2.79323147753149e-08	2.79860897372526e-08	2.79860897372525e-08	1.00000887642913	1	3	0	1
YOR283W	Q12040	YOR283W	26.17622	OE	3.49877441572429	2	6.24339841549773e-07	6.35285169714792e-07	6.31514960990507e-07	1.0000847674761	1	4	0	1
YCR012W	P00560	PGK1	44.73787	OE	1.25350443569248	2	9.80076833575581e-07	9.82344286181743e-07	9.80158973151804e-07	1.00022320677579	1	4	0	1
YDR050C	P00942	TPI1	26.79508	OE	1.25141984139678	2	3.03362330793236e-08	3.40244474609081e-08	3.03413211630748e-08	1.00000511979073	1	2	0	1
YMR205C	P16862	PFK2	104.61673	OE	1.24024947929211	2	7.34089271509021e-07	7.3740376450811e-07	7.37310454094033e-07	1.00039187494767	1	9	0	1
YDR516C	Q04409	EMI2	55.92028	OE	1.00082615840883	2	1.85761210223306e-07	1.8618470442059e-07	1.86178e-07	1.0000537573585	1	4	0	1
YDR226W	P07170	ADK1	24.2546	deletion	0.122766022927463	0	0	6.44315058456956e-08	0	1.00001683816706	1	4	0	1
YPR035W	P32288	GLN1	41.7656	deletion	0.0422435925148999	0	0	6.51840480335544e-10	0	1.0000012758181	1	7	0	1
YJR130C	P47164	STR2	72.34965	deletion	0.0131263247366666	0	0	2.24619806474427e-09	0	1.00000264692613	1	11	0	1
YKL085W	P17505	MDH1	35.64959	deletion	7.12879279044049e-07	0	0	2.74242391395966e-09	0	1.00000199084276	1	5	0	1
YBR263W	P37292	SHM1	53.68589	deletion	0	0	0	2.84063346799972e-09	0	1.00000254547975	1	5	0	1
YCL040W	P17709	GLK1	55.37689	deletion	0	0	0	2.16697560921844e-09	0	1.00000221608288	1	6	0	1
YDR234W	P49367	LYS4	75.14989	deletion	0	0	0	1.31272630609154e-09	0	1.0000019997137	1	6	0	1
YDR300C	P32264	PRO1	47.16164	deletion	0	0	0	5.52586801431712e-10	0	1.00000126402516	1	4	0	1
YDR353W	P29509	TRR1	34.23767	deletion	0	0	0	1.10584433690257e-09	0	1.00000138362221	1	6	0	1
YER023W	P32263	PRO3	30.13145	deletion	0	0	0	9.1323941755756e-12	0	1.00000100269197	1	6	0	1
YER091C	P05694	MET6	85.85892	deletion	0	0	0	1.11882625063594e-09	0	1.00000197346433	1	7	0	1
YER152C	P10356	YER152C	49.48976	deletion	0	0	0	1.97548415085717e-09	0	1.00000199074439	1	6	0	1
YGL009C	P07264	LEU1	85.79356	deletion	0	0	0	1.13916633735298e-09	0	1.00000199040892	1	4	0	1
YJL088W	P05150	ARG3	37.84479	deletion	0	0	0	1.64610627841997e-11	0	1.00000100621678	1	5	0	1
YJR139C	P31116	HOM6	38.50163	deletion	0	0	0	4.46666699598922e-10	0	1.00000117419532	1	7	0	1
YLR043C	P22217	TRX1	11.23485	deletion	0	0	0	1.06848129064049e-09	0	1.00000112156361	1	23	0	1
YLR174W	P41939	IDP2	46.56172	deletion	0	0	0	2.09950798452837e-09	0	1.00000199074562	1	5	0	1
YLR304C	P19414	ACO1	85.36736	deletion	0	0	0	1.14501094417479e-09	0	1.00000199054499	1	8	0	1
YLR355C	P06168	ILV5	44.36792	deletion	0	0	0	1.95405842263459e-09	0	1.00000187866289	1	7	0	1
YMR062C	Q04728	ARG7	47.84821	deletion	0	0	0	2.06214714958649e-09	0	1.00000199990436	1	9	0	1
YMR246W	P47912	FAA4	77.26612	deletion	0	0	0	1.35804891826743e-09	0	1.00000206335956	1	48	0	1
YNL104C	P06208	LEU4	68.40819	deletion	0	0	0	7.51079304746837e-10	0	1.00000152062892	1	13	0	1
YNR001C	P00890	CIT1	53.35945	deletion	0	0	0	1.58280821179509e-10	0	1.00000108549942	1	7	0	1
YOL064C	P32179	MET22	39.14886	deletion	0	0	0	3.40086164035557e-10	0	1.00000113483773	1	4	0	1
YOR184W	P33330	SER1	43.41501	deletion	0	0	0	2.12429400853211e-09	0	1.00000193469554	1	4	0	1
YOR317W	P30624	FAA1	77.86529	deletion	0	0	0	1.33435435555514e-09	0	1.00000205290773	1	52	0	1
YOR388C	Q08911	FDH1	41.7138	deletion	0	0	0	1.75770606378805e-09	0	1.00000174299275	1	4	0	1
YPR001W	P43635	CIT3	53.81073	deletion	0	0	0	1.58162857958328e-10	0	1.000001086159	1	9	0	1
YPR167C	P18408	MET16	30.3799	deletion	0	0	0	1.07906566368691e-09	0	1.00000133214121	1	7	0	1
YLR446W	Q06204	YLR446W	48.96875	deletion	0	0	0	1.99865846348246e-09	0	1.00000199181432	1	20	0	1
YJL200C	P39533	ACO2	86.58224	deletion	0	0	0	1.13983864504275e-09	0	1.00000200010435	1	7	0	1
PAL1	P35510	PAL1	78.726	deletion	0	0	0	8.2726678738684e-10	0	1.00000165995637	1	3	0	1
YHR163W	P38858	SOL3	27.78417	OE	1000	2	0	1.3490189888905e-07	1.21679231192434e-07	1.0000543793413	0	5	2	2
YHR183W	P38720	GND1	53.54274	OE	1000	2	0	3.70605876482674e-08	3.34283438511897e-08	1.00001006985528	0	6	3	2
YOL086C	P00330	ADH1	36.84874	OE	1000	2	4.83471240164247e-07	4.92029018672054e-07	4.90926527637839e-07	1.00009278356108	0	21	1	2
YAL038W	P00549	CDC19	54.54404	OE	3.49877441572429	2	2.11583833311765e-06	2.26772048962779e-06	2.26746722492227e-06	1.00062771946597	0	6	4	2
YGR254W	P00924	ENO1	46.81564	OE	3.49877441572429	2	2.08847012859136e-06	2.28926985944664e-06	2.28718153171698e-06	1.00054359577962	0	5	5	2
YJL052W	P00360	TDH1	35.74956	OE	1.25350443569248	2	1.81359767032957e-05	1.81424346763794e-05	1.81396999236686e-05	1.00328714306401	0	8	6	2
YLR354C	P15019	TAL1	37.0359	OE	1.22523848483975	2	3.50778055031615e-06	3.51223408381569e-06	3.50959431225486e-06	1.00065966563048	0	6	7	2
YLL052C		AQY2	NaN	deletion	0.102226506464079	0	NaN	NaN	NaN	1.000001000001	0	2	9	2
YMR189W	P49095	GCV2	114.45033	deletion	0.054900004540979	0	0	1.14458616811584e-10	0	1.00000113146551	0	18	10	2
YOR222W		ODC2	NaN	deletion	0.0479875793100833	0	NaN	NaN	NaN	1.000001000001	0	6	12	2
YPL134C		ODC1	NaN	deletion	0.0479875793100833	0	NaN	NaN	NaN	1.000001000001	0	6	12	2
YER053C		PIC2	NaN	deletion	0.0215410757322689	0	NaN	NaN	NaN	1.000001000001	0	4	13	2
YGR243W		MPC3	NaN	deletion	0.0038545798442803	0	NaN	NaN	NaN	1.000001000001	0	4	14	2
YAL062W	P39708	GDH3	49.62653	deletion	0	0	0	1.65091413709173e-09	0	1.00000183023858	0	8	15	2
YBR218C	P32327	PYC2	130.16549	deletion	0	0	0	2.47721922347297e-10	0	1.0000013266982	0	8	17	2
YDR384C		ATO3	NaN	deletion	0	0	NaN	NaN	NaN	1.000001000001	0	2	18	2
YER070W	P21524	RNR1	99.56021	deletion	0	0	0	9.95839187904693e-10	0	1.0000020047276	0	24	19	2
YFR053C	P04806	HXK1	53.73784	deletion	0	0	0	2.26993139460703e-09	0	1.0000022361583	0	12	21	2
YGL062W	P11154	PYC1	130.09827	deletion	0	0	0	2.47767822277342e-10	0	1.00000132658996	0	8	17	2
YGL184C	P53101	STR3	51.82796	deletion	0	0	0	1.6353910777296e-09	0	1.00000185891848	0	6	23	2
YGL253W	P04807	HXK2	53.9419	deletion	0	0	0	2.00576621881467e-09	0	1.00000209643621	0	12	21	2
YGR121C		MEP1	NaN	deletion	0	0	NaN	NaN	NaN	1.000001000001	0	2	18	2
YGR180C	P49723	RNR4	40.05407	deletion	0	0	0	2.55461533711356e-09	0	1.00000203702151	0	24	19	2
YIL066C	P21672	RNR3	97.51369	deletion	0	0	0	1.01697039683758e-09	0	1.00000200495642	0	24	19	2
YJL026W	P09938	RNR2	46.14681	deletion	0	0	0	2.18589749353298e-09	0	1.00000202222267	0	24	19	2
YLR155C	P0CZ17	ASP3-1	38.6862	deletion	0	0	0	2.10122518013656e-09	0	1.00000182374499	0	5	24	2
YLR157C	P0CX77	ASP3-2	38.6862	deletion	0	0	0	2.10122518013656e-09	0	1.00000182374499	0	5	24	2
YLR158C	P0CX78	ASP3-3	38.6862	deletion	0	0	0	2.10122518013656e-09	0	1.00000182374499	0	5	24	2
YLR160C	P0CX79	ASP3-4	38.6862	deletion	0	0	0	2.10122518013656e-09	0	1.00000182374499	0	5	24	2
YNL142W		MEP2	NaN	deletion	0	0	NaN	NaN	NaN	1.000001000001	0	2	18	2
YOR375C	P07262	GDH1	49.56931	deletion	0	0	0	1.65251061711148e-09	0	1.00000183008323	0	8	15	2
YFR055W	P43623	IRC7	36.97108	deletion	0	0	0	2.14934891248452e-09	0	1.00000180525236	0	6	23	2
YMR145C	P40215	NDE1	62.77345	deletion	0.0487780796498215	0	0	8.8518914075345e-08	0	1.00005731531342	0	6	11	3
